
























1805,541,-260,1807,556,-282,1810,558,-282,1813,560,-282,1801,554,-252,1800,555,-252,1799,555,-252,1828,567,-294,1809,559,-151,1820,534,-255,1810,532,-214,1907,519,-273,1813,513,-50,1893,406,-244,1786,424,-164,1827,417,-120,1791,470,-425,1807,417,-110,1797,483,-457,1813,432,-106,1795,496,-443,1819,432,-109,1799,491,-427,1909,333,-90,1863,343,90,1835,227,-162,1838,229,151,1858,95,-60,1854,112,286,1879,83,-54,1875,101,297,1814,32,-142,1818,68,237,
1761,524,-439,1761,540,-459,1764,542,-459,1766,544,-459,1757,540,-430,1756,541,-430,1756,542,-430,1782,554,-431,1769,551,-296,1775,518,-418,1769,517,-380,1873,511,-351,1763,503,-161,1925,424,-333,1745,421,-99,1919,357,-389,1751,366,-239,1912,331,-427,1739,344,-268,1913,341,-458,1740,351,-304,1909,349,-403,1754,357,-257,1862,322,-78,1816,330,79,1810,191,-107,1819,209,146,1822,52,-18,1831,87,319,1834,40,-17,1866,77,330,1780,16,-150,1807,42,221,
1702,508,-450,1704,524,-482,1707,525,-482,1709,526,-482,1701,524,-445,1702,526,-445,1702,528,-445,1729,535,-524,1721,537,-356,1716,500,-455,1712,501,-407,1814,480,-473,1733,497,-235,1903,388,-393,1753,410,-69,1812,322,-249,1735,342,7,1793,304,-255,1724,319,5,1781,315,-259,1724,325,-24,1789,323,-244,1727,329,-4,1808,297,-79,1766,308,80,1775,160,101,1751,190,295,1816,41,314,1833,177,554,1832,33,331,1869,191,580,1788,9,231,1868,132,546,
1652,483,-375,1653,499,-402,1655,500,-402,1657,501,-402,1650,500,-367,1651,502,-367,1651,504,-367,1673,510,-448,1666,513,-278,1666,476,-382,1663,477,-334,1765,447,-435,1696,475,-167,1798,335,-401,1716,385,-9,1720,303,-267,1703,334,70,1700,290,-269,1690,321,79,1699,298,-260,1687,327,57,1705,303,-255,1690,331,61,1774,279,-93,1721,294,93,1738,139,-67,1672,165,46,1803,40,136,1785,161,423,1821,30,158,1816,172,431,1791,-4,107,1862,115,437,
1589,482,-183,1590,499,-217,1592,500,-217,1593,501,-217,1591,499,-175,1592,501,-175,1594,502,-175,1609,505,-300,1610,507,-110,1602,475,-209,1602,476,-155,1678,452,-372,1653,457,11,1719,325,-275,1674,353,88,1616,337,-33,1624,345,74,1592,330,-25,1610,344,78,1590,340,-12,1606,352,65,1602,345,-17,1613,353,65,1727,255,-103,1679,265,103,1724,120,-80,1604,155,157,1793,45,207,1699,96,427,1811,39,235,1720,89,446,1785,3,199,1652,50,437,
1523,469,-103,1523,485,-134,1525,486,-134,1528,487,-134,1521,484,-90,1522,485,-90,1522,486,-90,1548,495,-205,1542,493,-9,1537,461,-125,1535,460,-70,1640,449,-248,1579,437,99,1653,327,-205,1596,337,51,1552,356,-11,1546,369,-114,1525,373,1,1536,370,-128,1529,383,12,1529,380,-132,1542,379,4,1535,381,-121,1671,248,-101,1615,249,100,1703,107,-78,1533,140,8,1782,38,237,1601,31,229,1801,39,264,1623,27,246,1775,-22,169,1569,-27,174,
1462,455,-128,1464,473,-159,1467,474,-159,1470,476,-159,1460,473,-118,1461,474,-118,1462,475,-118,1489,483,-219,1480,483,-28,1479,447,-143,1474,447,-89,1589,437,-220,1504,424,65,1611,333,-168,1508,335,128,1527,358,22,1499,360,98,1502,373,41,1495,365,94,1505,382,47,1494,373,101,1514,378,36,1499,373,97,1613,231,-82,1549,230,82,1668,108,54,1463,115,46,1758,45,308,1491,8,232,1775,43,328,1508,8,247,1750,-14,206,1458,-53,159,
1397,446,-100,1399,463,-138,1401,464,-138,1402,465,-138,1398,464,-95,1400,466,-95,1402,468,-95,1422,473,-231,1422,476,-36,1413,437,-127,1413,438,-72,1508,407,-259,1465,422,54,1556,307,-149,1516,355,264,1509,286,191,1498,359,481,1498,278,227,1493,357,517,1493,287,230,1491,360,508,1499,290,206,1492,360,480,1541,203,-83,1489,205,83,1607,81,86,1403,83,-24,1727,62,412,1429,-45,22,1749,82,446,1447,-57,23,1734,-10,401,1415,-116,-61,
1322,422,-71,1322,439,-113,1323,440,-113,1324,440,-114,1322,440,-64,1324,442,-64,1327,443,-64,1347,446,-238,1353,453,-21,1340,412,-109,1340,413,-46,1400,377,-260,1446,407,104,1450,247,-191,1469,305,274,1386,254,66,1421,302,458,1368,256,93,1411,305,507,1368,272,108,1404,309,502,1378,271,85,1407,307,459,1442,164,-124,1465,176,124,1356,37,6,1510,30,251,1390,-69,-34,1611,-21,147,1408,-80,-35,1630,82,139,1367,-108,-19,1630,19,134,
1254,402,7,1253,417,-26,1254,418,-26,1255,418,-26,1256,420,22,1259,422,22,1261,424,22,1275,423,-131,1283,432,87,1272,393,-26,1274,395,36,1335,355,-256,1387,376,212,1369,230,-181,1442,285,201,1303,193,134,1383,237,144,1289,192,141,1371,229,157,1284,202,166,1360,235,142,1294,207,155,1363,239,135,1378,130,-159,1405,141,159,1371,-53,-146,1395,-29,254,1544,-29,-33,1529,28,268,1547,43,-21,1527,80,257,1601,8,36,1577,20,311,
1194,376,-11,1190,390,-91,1191,390,-93,1192,391,-94,1192,392,-34,1194,394,-36,1196,396,-34,1209,397,-281,1213,403,48,1213,371,-133,1214,373,14,1295,333,-384,1275,340,171,1337,188,-376,1309,214,126,1335,72,-266,1312,124,88,1342,43,-304,1317,99,96,1329,43,-300,1308,102,116,1326,55,-261,1307,111,84,1327,95,-150,1312,101,150,1315,-53,45,1294,-48,280,1330,-166,398,1305,-175,544,1339,-182,427,1314,-195,567,1310,-194,348,1277,-208,478,
1112,353,12,1112,367,-26,1114,368,-26,1116,369,-26,1113,368,16,1115,370,16,1117,371,15,1135,375,-138,1136,377,57,1136,349,-24,1136,349,34,1205,309,-221,1213,315,134,1213,170,-247,1216,199,248,1189,99,-152,1149,144,305,1187,75,-172,1127,121,329,1182,84,-174,1115,125,287,1185,95,-149,1120,132,286,1255,66,-82,1242,78,82,1249,-94,-88,1249,-78,63,1250,-216,290,1232,-226,208,1259,-233,298,1231,-247,218,1224,-250,234,1209,-269,116,
1030,334,-47,1030,348,-87,1032,348,-87,1033,349,-87,1031,350,-69,1034,351,-70,1036,353,-70,1054,353,-182,1057,357,-9,1054,326,-40,1053,328,-38,1136,285,-339,1118,293,114,1135,141,-378,1121,164,203,1084,52,-309,1023,130,167,1076,33,-342,999,120,178,1069,42,-338,992,122,208,1072,51,-305,1003,124,159,1198,58,-126,1164,69,127,1164,-65,-241,1142,-49,84,1201,-193,59,1176,-201,198,1219,-204,83,1193,-223,205,1179,-245,45,1133,-251,129,
940,318,-140,942,331,-171,943,331,-171,943,331,-172,944,334,-126,946,335,-126,948,337,-126,966,331,-258,974,340,-29,960,308,-158,961,310,-105,1042,249,-357,1039,273,87,1106,127,-373,1046,156,233,1068,60,-298,955,141,256,1065,44,-327,933,136,262,1055,53,-330,947,119,232,1056,61,-297,954,120,239,1121,32,-129,1102,48,129,1066,36,115,1054,42,467,1071,22,581,1059,34,790,1082,13,629,1067,23,824,1035,34,651,1021,45,848,
857,298,-133,857,311,-163,858,311,-164,858,311,-164,860,313,-126,864,314,-126,866,315,-127,885,312,-249,896,318,-82,875,285,-154,880,288,-105,950,222,-339,962,232,14,1019,52,-334,1007,72,37,1004,-51,-223,974,-14,-22,1003,-76,-252,965,-36,-43,993,-70,-247,959,-32,-72,994,-60,-219,962,-24,-43,1040,-28,-122,1027,-19,122,996,-89,111,967,-98,333,1005,-166,644,1034,-252,699,1015,-177,693,1051,-270,733,979,-187,673,1022,-313,678,
802,285,-22,793,298,-66,791,297,-66,789,295,-66,801,302,-49,804,303,-49,806,302,-49,800,288,-202,815,294,-109,811,270,-62,819,274,-39,832,194,-265,906,216,-104,903,49,-260,967,63,-82,932,-58,-186,963,-51,-106,942,-87,-208,963,-81,-129,941,-84,-209,960,-79,-150,939,-73,-184,957,-70,-122,934,-51,-74,951,-48,74,922,-134,322,911,-152,447,934,-248,844,920,-269,898,939,-266,893,922,-284,942,916,-273,824,913,-299,850,
711,257,271,698,269,212,695,266,212,691,264,212,709,274,227,713,275,227,715,276,226,695,254,0,727,267,63,716,239,205,726,244,225,711,134,-109,839,183,-12,785,33,-95,890,55,109,822,-14,18,857,-9,272,828,-33,-20,853,-32,266,834,-20,-19,847,-21,244,837,-11,14,840,-14,259,821,-105,-82,891,-100,81,841,-246,152,883,-268,332,898,-421,544,900,-458,651,922,-448,576,908,-493,676,859,-454,494,875,-487,563,
611,212,263,597,225,186,592,222,185,587,219,185,613,231,210,619,233,210,624,234,210,593,208,-78,639,226,29,611,192,181,630,200,212,597,77,-182,763,152,2,656,-3,-24,820,39,274,677,9,315,759,47,680,675,6,322,751,45,720,684,22,315,742,52,710,691,24,316,738,51,679,708,-157,-99,797,-136,100,736,-265,152,789,-290,360,799,-436,567,803,-484,685,829,-466,608,814,-520,713,748,-461,574,761,-508,629,
497,178,357,486,192,280,481,189,280,476,187,280,502,198,307,508,200,307,514,202,307,480,176,-5,534,196,111,497,160,267,517,165,301,471,53,-172,659,119,76,523,-84,-143,755,13,289,526,-161,77,686,-20,637,525,-186,63,680,-29,678,525,-175,73,671,-22,668,532,-163,82,665,-20,634,603,-203,-103,701,-182,104,640,-339,126,693,-364,317,715,-523,506,725,-574,613,745,-554,541,736,-611,637,671,-549,486,701,-603,540,
420,178,350,403,191,268,396,189,268,388,185,268,427,197,293,435,198,293,442,199,293,387,169,-22,452,188,86,414,157,258,440,161,289,336,45,-181,561,91,25,407,-113,-146,690,11,211,394,-188,115,688,-30,449,390,-215,112,701,-43,473,390,-202,135,696,-29,473,397,-191,127,682,-28,450,499,-236,-100,562,-219,101,564,-406,106,574,-426,313,646,-610,488,618,-641,590,667,-639,519,625,-672,613,634,-648,440,624,-682,464,
323,155,310,311,170,243,305,169,243,299,167,243,330,176,257,336,178,257,343,180,257,298,157,-6,350,170,62,321,136,231,340,140,250,296,29,-115,452,56,-36,465,-67,-152,585,-6,-56,501,-125,-97,596,-59,-77,506,-148,-132,606,-74,-101,508,-129,-117,592,-61,-120,513,-120,-98,577,-59,-93,415,-274,-94,488,-249,95,465,-358,124,462,-357,325,551,-557,542,509,-581,661,577,-582,578,522,-612,686,538,-601,471,499,-633,549,
332,69,-304,326,88,-346,326,89,-346,325,90,-346,327,86,-332,326,86,-332,326,86,-333,326,90,-414,325,83,-352,336,58,-309,335,55,-292,367,24,-371,336,26,-249,495,-62,-317,406,-32,-19,528,-92,-345,394,-18,173,535,-100,-364,399,-17,211,537,-84,-396,381,-7,188,534,-81,-360,377,-9,174,434,-259,-81,409,-252,82,425,-261,198,384,-277,353,462,-424,664,439,-491,768,475,-446,709,453,-480,807,456,-474,640,434,-591,740,


















1793,955,-350,1800,962,-341,1804,962,-341,1808,961,-342,1788,963,-333,1783,962,-333,1779,962,-333,1813,952,-273,1771,954,-231,1800,941,-323,1785,944,-311,1838,899,-246,1734,899,-146,1869,825,-258,1719,806,-115,1876,776,-316,1707,751,-160,1885,760,-345,1701,736,-173,1876,766,-358,1703,740,-201,1871,771,-323,1708,745,-173,1807,774,-31,1749,765,31,1848,822,-272,1720,740,156,1870,719,-82,1741,703,486,1869,710,-63,1752,697,517,1891,677,-154,1714,673,463,
1791,951,-279,1799,960,-282,1803,960,-282,1808,959,-282,1787,961,-269,1782,960,-269,1778,960,-269,1813,952,-241,1771,953,-180,1799,940,-259,1784,942,-241,1838,914,-210,1777,908,-110,1868,864,-231,1786,845,-88,1856,831,-296,1799,811,-132,1857,817,-321,1800,795,-147,1850,824,-329,1801,799,-163,1849,829,-300,1802,801,-141,1844,800,-29,1801,792,29,1858,793,-258,1807,741,-12,1870,722,-83,1823,698,167,1873,707,-66,1820,686,183,1890,683,-150,1798,670,120,
1791,949,-260,1798,960,-265,1802,960,-265,1806,959,-265,1786,958,-250,1782,957,-250,1778,955,-250,1813,952,-229,1774,950,-156,1799,940,-241,1784,937,-220,1838,920,-215,1790,908,-61,1868,884,-287,1801,849,-17,1838,874,-401,1804,808,-83,1838,863,-439,1794,795,-93,1830,869,-438,1793,797,-120,1830,871,-401,1799,800,-95,1852,803,-42,1816,795,42,1857,794,-245,1815,749,129,1863,727,-98,1814,683,347,1878,711,-85,1820,673,367,1881,687,-161,1788,658,317,
1791,949,-267,1797,960,-266,1801,960,-266,1805,959,-266,1786,958,-252,1782,957,-252,1778,956,-252,1813,953,-219,1775,950,-156,1799,940,-246,1785,938,-229,1838,919,-216,1785,904,-39,1865,877,-235,1790,838,34,1858,812,-291,1783,799,-20,1864,808,-313,1778,783,-24,1861,799,-323,1776,786,-50,1857,800,-294,1780,790,-32,1846,797,-57,1812,791,57,1845,775,-219,1808,732,216,1859,713,-134,1825,685,418,1871,703,-128,1844,677,430,1858,686,-218,1816,658,385,
1791,949,-153,1797,961,-148,1800,961,-148,1804,960,-148,1786,959,-138,1782,958,-138,1779,957,-138,1812,953,-94,1776,950,-51,1799,940,-130,1785,939,-118,1828,917,-98,1780,901,40,1852,862,-111,1779,834,94,1856,812,-153,1767,791,48,1864,800,-171,1765,775,43,1861,799,-181,1764,782,19,1857,800,-158,1767,784,36,1846,799,-52,1802,793,52,1816,770,-234,1800,733,128,1824,694,-203,1821,682,245,1834,681,-200,1830,674,254,1807,672,-277,1803,660,208,
1791,951,-223,1797,961,-219,1800,961,-220,1804,960,-220,1786,961,-212,1783,962,-212,1779,961,-212,1813,954,-161,1776,956,-125,1798,941,-197,1785,944,-187,1826,914,-128,1777,909,-35,1849,861,-105,1773,845,17,1858,822,-147,1752,794,-26,1864,813,-160,1740,777,-31,1860,812,-174,1738,778,-53,1857,814,-154,1742,781,-36,1828,811,-30,1799,805,30,1812,810,-154,1788,738,80,1786,773,-9,1807,680,207,1785,767,5,1818,670,218,1776,753,-26,1791,657,169,
1757,880,-177,1761,885,-179,1763,885,-179,1766,887,-179,1756,886,-169,1755,887,-169,1755,890,-169,1781,898,-139,1763,907,-95,1765,875,-159,1760,875,-146,1798,888,-128,1776,888,-1,1822,859,-148,1754,841,56,1850,810,-209,1727,794,31,1858,806,-226,1717,783,34,1857,810,-237,1718,783,12,1853,812,-215,1721,785,21,1791,805,-40,1787,802,40,1767,741,-77,1777,738,57,1779,680,-53,1805,679,109,1785,671,-47,1813,669,112,1768,663,-97,1784,657,72,
1747,874,-203,1748,878,-204,1751,878,-204,1753,879,-204,1746,879,-195,1744,878,-195,1744,880,-195,1762,883,-159,1753,901,-116,1751,866,-182,1748,873,-169,1788,880,-134,1751,881,-13,1810,855,-142,1736,841,73,1836,810,-210,1716,799,78,1844,806,-226,1706,789,84,1843,807,-240,1708,789,62,1839,809,-217,1712,792,70,1776,795,-44,1766,799,44,1750,736,-76,1761,734,82,1741,663,-53,1803,681,165,1741,651,-52,1810,674,172,1720,651,-117,1787,658,127,
1728,856,-112,1731,863,-115,1733,864,-115,1735,864,-115,1727,862,-102,1726,862,-102,1726,862,-102,1743,866,-87,1730,865,-26,1734,852,-98,1729,852,-81,1767,849,-81,1727,847,46,1804,841,-104,1717,818,53,1822,806,-148,1701,797,-34,1832,802,-165,1694,789,-50,1828,798,-175,1696,790,-62,1824,799,-153,1699,792,-42,1759,767,-52,1737,768,52,1735,714,-86,1736,718,87,1719,651,-63,1787,685,155,1720,639,-58,1797,685,161,1698,644,-124,1786,658,128,
1726,854,-101,1729,859,-106,1730,860,-106,1732,860,-106,1726,859,-91,1725,859,-91,1725,859,-91,1738,862,-86,1729,861,-16,1730,851,-90,1727,851,-70,1766,848,-73,1724,844,51,1808,834,-86,1717,817,72,1818,801,-121,1701,797,-16,1825,795,-137,1693,789,-40,1822,792,-146,1695,790,-48,1819,794,-124,1698,792,-26,1755,763,-52,1734,764,52,1735,713,-94,1745,715,91,1717,652,-89,1786,686,167,1719,639,-92,1796,689,174,1696,646,-160,1785,658,143,
1711,851,-96,1713,856,-101,1715,857,-101,1717,857,-101,1711,856,-86,1711,857,-86,1711,857,-85,1724,860,-80,1716,859,-10,1716,848,-85,1714,848,-65,1754,845,-64,1710,841,54,1792,829,-91,1701,809,56,1804,798,-144,1688,793,-67,1810,788,-166,1679,788,-89,1806,787,-176,1679,787,-108,1803,790,-149,1683,789,-78,1741,762,-53,1720,764,54,1719,707,-106,1720,710,94,1703,644,-108,1769,690,171,1705,634,-112,1780,693,176,1683,639,-182,1769,659,144,
1695,845,-140,1697,851,-145,1698,852,-145,1699,852,-145,1695,851,-131,1696,851,-131,1696,851,-131,1706,856,-128,1702,854,-54,1699,842,-128,1698,842,-109,1739,839,-95,1696,835,28,1772,818,-116,1686,799,52,1778,780,-146,1668,775,-24,1786,772,-162,1660,767,-41,1782,769,-176,1660,766,-79,1777,771,-151,1663,768,-40,1723,757,-55,1705,758,55,1704,697,-106,1701,703,56,1714,659,-33,1730,663,100,1722,640,-28,1740,659,102,1703,638,-73,1719,639,64,
1680,838,-149,1681,845,-154,1682,846,-154,1683,846,-154,1679,844,-139,1679,845,-139,1679,845,-139,1690,850,-135,1685,847,-63,1684,835,-138,1682,835,-118,1721,831,-112,1681,828,26,1752,802,-125,1672,786,44,1756,759,-155,1654,757,-30,1762,751,-167,1645,746,-47,1757,749,-190,1644,744,-73,1753,751,-158,1648,748,-44,1709,751,-54,1689,753,54,1688,693,-77,1673,699,-3,1690,636,-20,1723,668,93,1695,627,-19,1734,675,102,1668,623,-93,1717,646,71,
1662,835,-162,1664,842,-169,1665,842,-169,1667,843,-169,1661,841,-152,1661,842,-152,1661,842,-152,1675,846,-155,1668,844,-79,1667,832,-155,1664,831,-132,1706,825,-144,1664,824,-3,1726,787,-158,1660,781,31,1725,745,-196,1646,746,-33,1729,736,-219,1639,736,-46,1725,736,-230,1638,735,-72,1722,738,-200,1641,739,-46,1695,745,-54,1670,746,54,1681,688,-87,1653,695,48,1690,639,-42,1694,672,191,1695,629,-39,1704,673,205,1672,624,-109,1699,649,185,
1646,835,-126,1647,841,-134,1649,842,-134,1650,843,-134,1645,841,-117,1645,841,-117,1645,841,-117,1659,845,-138,1651,843,-53,1651,831,-123,1648,830,-99,1688,823,-135,1651,820,14,1703,781,-149,1653,783,52,1692,743,-163,1647,755,-2,1691,732,-183,1644,744,-15,1686,733,-190,1644,746,-35,1685,737,-165,1646,749,-13,1679,740,-49,1654,742,49,1679,683,-52,1632,695,-2,1688,637,44,1661,655,115,1694,628,49,1670,650,125,1667,622,-25,1645,635,83,
1628,833,-141,1630,839,-147,1631,840,-147,1632,840,-147,1628,839,-132,1627,839,-132,1627,839,-132,1641,842,-150,1634,841,-68,1633,829,-130,1631,829,-111,1671,821,-148,1635,822,0,1680,777,-166,1639,783,43,1659,746,-168,1633,752,-9,1657,736,-188,1631,745,-19,1654,739,-198,1630,746,-40,1654,742,-172,1632,746,-19,1665,742,-48,1639,743,48,1671,684,-30,1612,695,3,1687,639,44,1626,641,65,1694,631,47,1633,630,67,1670,621,-26,1600,626,14,
1612,832,-91,1614,838,-98,1615,839,-98,1617,839,-98,1611,838,-82,1610,838,-82,1610,838,-82,1625,842,-95,1616,840,-20,1617,828,-87,1614,827,-66,1653,822,-98,1617,821,39,1663,784,-122,1621,785,54,1637,757,-138,1619,758,-17,1632,747,-158,1618,748,-33,1628,750,-161,1620,751,-46,1630,753,-138,1621,753,-25,1648,742,-44,1622,741,44,1660,690,-32,1596,692,20,1683,643,36,1591,632,64,1689,636,39,1595,620,64,1671,624,-33,1563,623,7,
1595,833,-1,1596,838,-16,1597,839,-16,1597,839,-16,1595,838,0,1595,838,0,1595,838,0,1604,841,-59,1602,841,19,1599,829,-14,1598,828,8,1615,819,-102,1628,822,65,1632,781,-112,1631,789,97,1608,763,-43,1612,777,107,1603,763,-48,1607,775,112,1602,769,-42,1606,783,104,1603,771,-38,1608,777,103,1613,737,-55,1628,740,55,1585,685,-21,1638,692,94,1575,630,16,1665,646,105,1605,623,19,1672,639,116,1569,613,-13,1651,626,103,
1577,830,-21,1577,835,-35,1578,836,-35,1579,836,-35,1577,835,-16,1577,835,-16,1577,835,-16,1585,839,-63,1584,838,23,1582,827,-28,1581,826,-4,1607,820,-96,1601,819,81,1625,781,-113,1604,785,76,1594,763,-109,1592,775,86,1588,763,-121,1588,772,40,1586,769,-115,1586,776,8,1588,770,-105,1589,779,41,1609,737,-54,1595,736,54,1621,681,-24,1569,681,80,1652,647,105,1554,623,87,1661,653,118,1558,610,87,1644,621,96,1524,618,44,
1557,826,-77,1558,832,-85,1560,833,-86,1561,833,-86,1556,832,-68,1556,832,-68,1556,832,-68,1570,835,-86,1563,834,-1,1562,822,-74,1560,821,-51,1599,817,-97,1568,813,77,1619,780,-159,1575,778,101,1589,757,-202,1566,768,30,1583,750,-224,1563,763,17,1580,756,-220,1563,767,0,1581,758,-199,1564,770,16,1595,731,-54,1571,731,54,1599,673,-39,1553,671,35,1641,660,123,1543,612,68,1649,668,138,1549,600,68,1645,627,109,1514,605,13,
1539,822,-89,1540,828,-97,1541,829,-97,1543,830,-97,1539,828,-80,1539,828,-80,1539,829,-80,1551,832,-96,1545,830,-11,1544,818,-85,1542,818,-62,1582,812,-104,1553,806,64,1609,778,-145,1559,764,103,1588,744,-153,1555,744,31,1585,733,-175,1553,736,21,1580,737,-172,1553,738,0,1580,741,-150,1555,741,20,1577,727,-51,1554,726,51,1577,669,-36,1538,667,16,1616,662,137,1539,608,40,1626,669,154,1546,598,39,1622,630,129,1511,596,-15,
1523,819,-156,1525,825,-158,1527,826,-158,1528,827,-158,1522,825,-144,1522,825,-144,1521,825,-144,1536,829,-131,1526,826,-65,1529,816,-143,1526,816,-124,1567,808,-113,1529,799,11,1594,773,-130,1526,760,59,1590,734,-153,1518,730,-5,1592,723,-174,1513,720,-19,1587,724,-182,1513,720,-45,1584,726,-154,1515,723,-18,1563,727,-49,1538,726,49,1546,672,-58,1525,667,-14,1586,661,97,1539,609,15,1596,662,112,1546,599,15,1588,624,86,1511,595,-39,
1509,820,-137,1511,825,-141,1513,826,-141,1515,827,-141,1508,825,-126,1507,824,-126,1506,824,-126,1523,829,-122,1510,826,-51,1514,816,-127,1510,815,-107,1548,811,-104,1513,802,24,1579,773,-100,1502,765,62,1588,731,-110,1487,727,-2,1595,723,-126,1480,715,-12,1590,721,-140,1480,714,-36,1586,722,-115,1482,718,-13,1544,727,-51,1524,726,52,1517,672,-118,1517,669,7,1556,647,0,1537,611,48,1565,649,12,1545,600,49,1553,618,-5,1511,596,3,
1492,819,-129,1494,826,-133,1496,826,-133,1498,827,-133,1491,825,-117,1491,825,-117,1490,825,-117,1506,830,-119,1496,827,-45,1498,816,-121,1494,815,-100,1533,811,-109,1497,802,28,1569,777,-116,1489,762,70,1582,737,-153,1467,729,10,1590,730,-170,1458,719,1,1587,728,-185,1457,718,-27,1584,728,-160,1460,721,-3,1528,726,-58,1509,724,58,1498,674,-118,1504,670,7,1531,625,-61,1526,615,58,1540,620,-58,1535,607,60,1513,602,-104,1506,600,13,
1477,820,-87,1480,826,-88,1481,827,-88,1483,828,-88,1477,826,-74,1477,826,-74,1477,826,-74,1491,829,-69,1482,827,-6,1483,816,-79,1479,815,-61,1517,808,-78,1480,797,62,1557,780,-107,1466,757,94,1569,740,-153,1442,728,35,1578,735,-171,1433,718,26,1576,731,-183,1434,718,3,1572,733,-159,1438,720,23,1508,723,-57,1494,721,57,1472,675,-103,1499,669,40,1483,620,-81,1531,616,68,1487,612,-81,1541,606,63,1463,602,-127,1511,598,30,
1461,818,-59,1464,824,-59,1466,825,-59,1468,826,-59,1461,823,-45,1460,823,-45,1460,823,-45,1476,828,-34,1465,825,29,1468,815,-50,1463,814,-31,1501,807,-43,1464,795,96,1542,787,-86,1449,760,138,1557,749,-154,1427,734,94,1565,745,-175,1418,725,87,1562,742,-187,1419,726,68,1558,743,-160,1423,728,84,1490,721,-58,1474,720,58,1453,675,-143,1488,666,100,1446,610,-164,1524,619,163,1450,598,-168,1533,609,167,1418,601,-229,1509,597,135,
1447,816,-74,1450,822,-71,1451,823,-71,1453,824,-71,1446,821,-59,1445,820,-59,1444,820,-59,1460,826,-34,1447,821,20,1453,813,-60,1448,812,-43,1484,805,-32,1445,796,93,1525,789,-67,1433,761,142,1540,754,-140,1415,737,102,1549,748,-163,1407,727,94,1546,746,-175,1407,726,77,1542,747,-147,1410,731,94,1472,718,-58,1455,718,58,1436,668,-150,1467,662,126,1417,603,-175,1513,625,210,1418,590,-180,1526,626,217,1388,597,-243,1504,600,189,
1431,813,-98,1433,819,-96,1435,820,-96,1437,820,-96,1430,819,-83,1429,819,-83,1429,819,-83,1446,821,-62,1433,820,6,1436,809,-80,1432,809,-64,1470,798,-64,1429,796,75,1513,786,-93,1418,760,123,1524,748,-159,1401,737,67,1532,744,-180,1391,729,59,1529,742,-191,1391,728,40,1525,742,-164,1395,731,58,1455,713,-62,1438,714,62,1420,661,-137,1452,659,136,1398,593,-157,1496,635,213,1400,580,-161,1510,640,220,1370,589,-227,1492,605,191,
1413,809,-100,1416,816,-100,1417,816,-100,1419,817,-100,1412,815,-86,1411,815,-86,1410,816,-85,1428,818,-67,1415,817,-3,1418,805,-85,1414,805,-65,1454,795,-72,1413,792,69,1494,772,-99,1404,752,120,1503,733,-152,1382,724,30,1512,727,-172,1373,715,17,1509,725,-185,1372,714,-5,1505,726,-157,1375,717,18,1437,709,-63,1419,710,63,1405,652,-133,1429,651,124,1387,586,-124,1474,641,225,1392,576,-126,1488,646,234,1359,572,-195,1470,610,209,
1395,804,-162,1397,810,-165,1399,811,-165,1401,811,-165,1394,809,-149,1393,809,-149,1392,809,-149,1408,813,-139,1398,811,-65,1401,800,-150,1397,800,-129,1437,786,-124,1395,786,21,1471,752,-137,1389,746,73,1477,710,-168,1370,711,1,1484,703,-189,1361,699,-10,1482,702,-201,1359,698,-39,1478,703,-173,1363,702,-12,1422,705,-62,1400,707,62,1391,646,-82,1384,650,-1,1440,631,67,1387,590,39,1450,635,81,1393,580,39,1431,597,53,1364,575,-14,
1378,803,-181,1380,809,-183,1382,809,-183,1384,810,-183,1376,808,-167,1376,808,-167,1375,808,-167,1392,812,-155,1381,809,-81,1384,799,-168,1380,797,-147,1420,781,-144,1378,782,4,1444,736,-153,1374,737,46,1446,694,-190,1359,699,-24,1454,683,-211,1351,687,-38,1449,682,-224,1350,686,-63,1445,685,-195,1354,690,-37,1408,699,-61,1383,702,61,1375,642,-109,1356,646,19,1387,589,-13,1408,611,171,1394,579,-6,1419,620,187,1366,574,-68,1398,576,173,
1360,803,-139,1362,809,-141,1364,810,-141,1366,810,-141,1359,808,-123,1359,808,-123,1358,808,-123,1375,810,-149,1364,808,-53,1366,798,-140,1362,797,-114,1403,779,-120,1363,780,24,1415,732,-136,1368,737,67,1411,690,-154,1361,704,2,1414,677,-174,1358,693,-9,1410,677,-182,1357,692,-32,1407,681,-156,1359,695,-9,1390,696,-58,1366,699,58,1372,639,-72,1336,648,20,1384,589,17,1372,612,167,1392,578,22,1379,610,180,1361,573,-45,1356,586,152,
1343,801,-138,1345,807,-135,1347,808,-135,1349,809,-135,1342,807,-119,1342,807,-119,1342,807,-119,1358,808,-125,1348,807,-47,1348,796,-127,1344,795,-105,1385,777,-131,1347,779,27,1390,729,-148,1351,736,58,1375,691,-155,1346,707,-9,1375,678,-175,1343,697,-22,1369,679,-182,1343,697,-41,1368,684,-157,1346,700,-19,1376,692,-54,1350,695,54,1367,632,-55,1316,650,-10,1384,586,33,1335,598,79,1391,578,38,1341,590,85,1361,570,-29,1308,580,38,
1328,801,-148,1331,807,-152,1333,808,-152,1335,809,-152,1328,806,-136,1328,806,-136,1327,806,-136,1344,808,-134,1333,806,-62,1333,797,-138,1329,795,-118,1369,776,-137,1330,778,24,1365,731,-147,1336,737,56,1339,699,-146,1332,707,-13,1335,688,-164,1332,694,-26,1332,691,-170,1332,696,-46,1333,694,-147,1333,700,-24,1361,692,-50,1333,695,50,1358,629,-36,1299,646,0,1381,591,88,1291,585,44,1388,584,96,1296,573,43,1366,569,29,1263,576,-19,
1308,807,-148,1312,817,-150,1314,817,-150,1317,817,-150,1307,812,-136,1305,810,-136,1304,807,-136,1324,808,-126,1308,809,-58,1315,797,-135,1310,796,-115,1349,781,-127,1312,781,33,1346,735,-143,1322,739,64,1315,706,-132,1323,706,-3,1307,696,-149,1320,697,-15,1306,694,-150,1321,696,-35,1307,695,-130,1322,700,-14,1343,693,-48,1315,696,48,1343,628,-30,1284,641,13,1375,594,127,1261,581,50,1384,589,140,1264,568,50,1363,569,83,1236,577,-12,
1294,807,-146,1298,816,-147,1300,817,-147,1303,817,-148,1292,813,-133,1291,811,-133,1290,809,-133,1312,811,-121,1292,810,-51,1299,799,-132,1293,798,-113,1334,781,-122,1294,780,39,1334,732,-140,1306,738,69,1296,709,-126,1309,704,8,1287,700,-143,1308,693,-1,1285,705,-142,1308,694,-19,1287,707,-123,1308,699,0,1325,691,-47,1297,695,47,1326,626,-35,1267,637,1,1365,596,147,1243,574,29,1374,592,163,1247,561,28,1359,568,111,1216,571,-41,
1277,799,-93,1280,807,-95,1282,808,-95,1284,809,-95,1276,805,-81,1275,804,-81,1275,804,-81,1292,808,-70,1279,804,-4,1282,795,-80,1277,793,-62,1321,778,-70,1274,775,69,1317,729,-90,1283,735,91,1280,711,-103,1281,705,15,1270,701,-121,1278,691,2,1268,708,-121,1278,693,-15,1272,710,-101,1280,698,5,1309,690,-44,1280,693,44,1304,624,-43,1254,632,4,1349,602,140,1236,569,35,1357,607,157,1240,556,34,1347,572,115,1207,560,-30,
1259,795,-105,1262,802,-107,1263,803,-107,1266,804,-107,1258,800,-93,1257,800,-93,1256,799,-93,1274,803,-84,1262,800,-17,1265,792,-93,1261,789,-74,1304,773,-85,1256,770,58,1299,725,-106,1264,728,80,1263,709,-119,1263,694,-5,1254,700,-138,1261,686,-20,1252,705,-137,1262,685,-38,1255,708,-117,1264,690,-15,1292,686,-46,1264,688,46,1280,621,-47,1238,629,-8,1324,602,129,1231,564,9,1335,607,146,1238,553,7,1324,570,112,1204,550,-54,
1245,794,-111,1248,801,-114,1250,801,-114,1252,802,-114,1243,799,-98,1242,799,-98,1241,799,-98,1261,801,-86,1245,798,-20,1250,790,-100,1245,788,-79,1288,773,-89,1237,766,56,1277,729,-118,1235,725,85,1247,705,-168,1231,692,15,1240,694,-190,1226,677,1,1237,699,-193,1224,677,-20,1239,702,-169,1227,682,5,1277,686,-47,1247,687,47,1258,625,-43,1221,632,-87,1294,599,112,1231,565,-58,1301,601,126,1238,555,-59,1288,564,82,1206,550,-128,
1230,790,-180,1233,796,-183,1235,797,-183,1237,797,-183,1229,796,-170,1228,795,-170,1227,795,-170,1246,798,-155,1232,796,-94,1236,786,-167,1231,785,-149,1273,772,-156,1221,764,-10,1258,727,-203,1209,722,28,1227,701,-261,1190,676,-26,1221,691,-286,1182,665,-38,1217,694,-290,1181,662,-60,1217,697,-263,1185,667,-37,1263,686,-51,1232,687,51,1235,628,-111,1213,630,-33,1258,585,-19,1230,566,-44,1264,583,-12,1238,555,-9,1250,557,-67,1205,548,-90,
1216,788,-230,1219,794,-235,1220,794,-235,1223,795,-235,1215,793,-219,1214,794,-219,1213,794,-220,1231,796,-211,1218,794,-140,1223,784,-218,1218,783,-197,1259,770,-212,1206,762,-46,1242,727,-258,1188,720,-14,1211,696,-310,1165,677,-76,1203,688,-339,1154,665,-90,1197,692,-344,1155,662,-113,1198,695,-312,1160,667,-88,1247,684,-58,1217,685,58,1214,629,-104,1198,627,-6,1226,573,-13,1224,570,95,1234,565,-8,1233,560,104,1207,552,-76,1202,552,44,
1203,786,-271,1206,793,-274,1207,793,-274,1210,794,-274,1202,792,-260,1201,792,-261,1200,792,-261,1217,795,-239,1204,793,-175,1209,782,-254,1204,782,-235,1244,768,-223,1192,763,-75,1227,724,-266,1169,722,-36,1188,697,-332,1142,683,-99,1179,688,-362,1132,672,-117,1175,693,-367,1133,670,-140,1176,696,-334,1138,675,-112,1231,680,-58,1201,683,58,1197,619,-89,1181,624,-2,1192,560,25,1212,573,132,1194,552,33,1224,563,142,1175,539,-42,1201,550,81,
1189,783,-206,1192,789,-206,1194,789,-207,1196,789,-207,1188,788,-195,1187,788,-195,1186,788,-195,1204,790,-175,1191,789,-112,1195,778,-190,1189,778,-174,1230,764,-170,1178,761,-22,1209,722,-211,1150,722,13,1166,700,-265,1120,687,-51,1157,690,-291,1112,672,-67,1154,694,-293,1114,672,-88,1156,696,-265,1117,678,-63,1213,674,-57,1184,679,57,1178,613,-90,1162,620,-7,1168,549,-8,1198,574,105,1168,539,-5,1211,566,114,1149,537,-81,1184,548,64,
1175,776,-199,1178,782,-203,1180,783,-203,1182,783,-203,1174,782,-188,1173,782,-188,1172,782,-188,1190,784,-177,1176,783,-106,1180,772,-185,1175,772,-164,1213,760,-175,1168,761,-12,1182,724,-213,1140,724,-3,1138,710,-258,1113,705,-116,1128,703,-286,1104,696,-138,1125,707,-289,1106,698,-156,1129,709,-259,1110,701,-128,1199,668,-53,1170,674,53,1164,607,-89,1143,616,-37,1152,542,-2,1179,571,91,1152,531,1,1192,566,100,1130,523,-77,1166,542,51,
1158,771,-124,1162,777,-128,1164,777,-128,1167,778,-129,1158,777,-113,1157,778,-113,1156,778,-113,1175,778,-107,1161,777,-34,1163,766,-113,1157,766,-92,1196,755,-128,1152,753,44,1162,731,-205,1119,725,11,1118,724,-263,1098,719,-135,1106,720,-292,1091,719,-161,1104,723,-291,1094,723,-171,1108,723,-263,1097,722,-145,1183,661,-53,1155,666,53,1152,602,-116,1124,613,-38,1142,538,-39,1154,569,94,1147,529,-35,1163,563,106,1120,519,-104,1140,543,68,
1142,768,-97,1146,774,-102,1148,774,-102,1151,774,-102,1142,774,-86,1142,774,-86,1141,775,-86,1159,773,-88,1147,774,-11,1147,762,-89,1142,763,-67,1180,750,-119,1140,750,59,1140,736,-199,1105,731,1,1100,733,-255,1084,731,-175,1088,730,-289,1076,731,-203,1087,733,-277,1078,733,-212,1091,733,-251,1082,733,-185,1173,659,-55,1143,663,55,1140,604,-143,1107,611,-51,1143,537,-109,1122,550,10,1151,524,-109,1130,539,12,1119,517,-179,1097,531,-38,
1126,762,-87,1130,768,-94,1132,769,-94,1134,770,-94,1126,768,-76,1125,768,-76,1124,768,-76,1142,771,-85,1129,769,-2,1132,758,-81,1126,758,-57,1165,748,-119,1126,747,71,1132,737,-214,1093,735,37,1092,737,-265,1070,736,-111,1081,736,-294,1062,738,-132,1078,738,-291,1064,741,-148,1082,738,-265,1068,740,-122,1160,655,-58,1129,659,58,1130,600,-112,1094,609,-40,1142,536,-56,1092,543,14,1152,526,-56,1096,531,15,1120,518,-124,1064,528,-42,
1109,757,-92,1112,764,-100,1114,765,-100,1117,765,-100,1109,763,-81,1108,764,-81,1108,764,-81,1126,767,-95,1114,765,-8,1115,754,-87,1110,753,-62,1151,746,-126,1112,744,60,1121,737,-256,1081,737,20,1082,741,-315,1060,741,-139,1069,740,-345,1050,744,-162,1068,743,-339,1053,745,-173,1072,742,-313,1057,743,-149,1145,651,-57,1114,655,57,1118,594,-42,1081,603,-37,1140,538,86,1065,537,-4,1148,530,96,1069,524,-5,1117,517,43,1033,526,-72,
1098,756,-86,1101,762,-93,1103,763,-93,1105,764,-93,1097,762,-75,1096,762,-75,1096,762,-75,1113,766,-88,1101,763,-4,1104,753,-81,1099,752,-57,1138,747,-121,1098,743,58,1111,741,-245,1068,737,4,1070,743,-296,1049,741,-168,1056,742,-324,1041,745,-196,1055,744,-318,1042,746,-206,1059,744,-294,1046,744,-179,1131,649,-55,1100,652,55,1108,594,-10,1070,599,-44,1133,541,124,1050,531,-21,1141,534,135,1056,519,-23,1119,515,80,1021,517,-95,
1086,754,-77,1089,760,-83,1091,760,-83,1093,761,-83,1084,759,-65,1083,759,-65,1083,759,-65,1101,763,-75,1088,760,8,1092,751,-71,1086,750,-47,1126,746,-108,1085,740,71,1101,740,-232,1053,737,9,1059,742,-282,1037,740,-153,1046,740,-310,1029,744,-180,1045,742,-304,1032,745,-190,1050,742,-281,1036,742,-164,1116,649,-55,1086,651,55,1095,594,-46,1055,600,-79,1123,544,86,1049,530,-47,1131,538,97,1055,519,-47,1112,515,48,1022,513,-115,
1074,754,-82,1077,760,-88,1080,761,-88,1082,762,-89,1073,759,-71,1073,759,-71,1072,759,-71,1090,763,-80,1077,760,0,1080,751,-76,1075,750,-52,1115,743,-108,1071,739,61,1090,740,-228,1042,735,12,1049,739,-286,1024,736,-141,1036,737,-313,1016,739,-168,1035,739,-309,1018,740,-177,1039,738,-285,1023,738,-151,1102,648,-49,1071,650,49,1084,591,-24,1041,596,-82,1103,543,126,1048,529,-35,1111,537,138,1054,518,-34,1094,513,81,1022,512,-103,
1063,753,-92,1067,759,-98,1069,760,-98,1072,761,-98,1062,759,-82,1061,759,-82,1060,759,-82,1080,762,-86,1065,759,-8,1069,750,-83,1063,749,-61,1103,741,-109,1060,740,56,1079,737,-232,1031,732,13,1040,737,-312,1013,733,-131,1029,734,-343,1003,735,-156,1027,736,-342,1007,736,-167,1031,736,-313,1012,735,-141,1089,647,-48,1057,649,48,1071,589,-29,1031,594,-26,1080,534,94,1046,531,73,1084,526,103,1053,522,80,1067,508,35,1020,511,20,
1054,751,-79,1057,757,-85,1060,757,-85,1062,758,-85,1052,757,-69,1051,757,-69,1049,757,-69,1070,759,-65,1053,758,6,1060,747,-68,1053,747,-48,1093,739,-85,1049,738,75,1070,729,-201,1020,728,61,1031,737,-295,1005,733,-55,1019,733,-323,997,734,-76,1017,735,-320,1000,735,-84,1020,735,-293,1004,734,-63,1078,646,-48,1046,648,48,1061,587,-79,1018,593,-54,1056,525,-11,1038,532,51,1060,514,-8,1046,523,50,1037,504,-87,1017,511,-13,
1043,748,-58,1047,754,-62,1049,754,-62,1052,754,-62,1041,754,-47,1040,754,-47,1038,754,-47,1059,755,-45,1042,754,26,1048,743,-48,1041,743,-28,1081,735,-74,1037,734,92,1057,725,-179,1009,724,73,1014,730,-250,997,728,-46,1001,726,-276,988,729,-66,999,728,-274,992,729,-73,1004,728,-249,995,727,-54,1066,642,-45,1033,645,45,1049,583,-101,1004,593,-62,1034,523,-30,1032,535,45,1039,513,-26,1040,526,54,1015,501,-102,1017,513,7,
1030,740,-61,1034,747,-65,1036,747,-65,1039,748,-65,1029,746,-50,1027,747,-50,1026,747,-50,1046,749,-47,1029,747,21,1036,737,-51,1029,736,-31,1069,731,-67,1024,729,84,1046,720,-172,1000,717,76,1003,722,-246,990,720,-26,991,719,-272,981,721,-43,988,721,-270,984,721,-50,993,721,-246,988,720,-33,1056,638,-39,1023,642,39,1037,579,-110,991,592,-105,1024,520,-6,1012,535,21,1027,511,0,1019,528,35,1009,495,-74,998,508,-14,
1018,734,-62,1021,740,-66,1023,741,-66,1025,742,-66,1016,740,-51,1015,740,-51,1014,740,-51,1033,744,-50,1018,741,19,1024,731,-53,1017,730,-33,1058,726,-70,1012,724,79,1034,717,-180,989,712,59,993,717,-254,977,713,-61,981,714,-281,969,713,-81,978,716,-279,972,714,-90,982,716,-254,976,713,-69,1044,635,-38,1011,640,38,1026,579,-110,980,590,-95,1020,516,-26,990,531,11,1024,507,-22,997,522,20,1006,493,-101,969,505,-36,
1005,727,-74,1009,733,-75,1011,734,-75,1013,735,-75,1003,733,-64,1002,733,-64,1000,733,-64,1021,739,-61,1004,735,16,1011,725,-57,1004,724,-42,1046,722,-81,999,719,67,1022,711,-183,980,704,4,980,709,-269,968,705,-167,968,705,-298,959,704,-196,965,707,-296,963,705,-205,969,708,-269,966,705,-177,1034,631,-39,999,636,39,1020,576,-104,968,583,-85,1019,514,-4,962,519,-9,1023,505,0,967,508,-7,1005,494,-75,938,500,-78,
994,724,-141,997,730,-146,999,731,-146,1002,732,-146,992,730,-132,991,730,-132,990,730,-132,1009,735,-123,993,732,-57,1000,721,-128,993,720,-110,1034,720,-128,988,715,11,1009,706,-236,963,698,-52,965,702,-318,954,697,-231,954,698,-348,947,695,-261,952,699,-347,950,697,-271,955,700,-318,953,697,-241,1024,629,-36,989,633,36,1017,574,-36,958,578,-81,1019,512,78,937,512,-48,1022,504,84,941,501,-49,1009,491,6,916,493,-132,
983,721,-151,986,728,-156,989,729,-156,991,729,-156,981,727,-143,980,728,-143,978,728,-143,999,732,-132,982,729,-70,989,718,-138,982,717,-121,1023,716,-138,976,709,-5,1000,702,-248,952,693,-75,956,695,-332,944,693,-252,945,691,-363,936,690,-282,942,692,-361,940,693,-290,946,693,-332,943,693,-260,1014,625,-30,978,629,30,1014,570,-40,947,572,-59,1019,513,83,922,507,-20,1020,506,91,926,495,-21,1013,489,15,900,489,-101,
973,718,-158,976,725,-163,978,725,-163,980,726,-163,970,724,-150,969,725,-150,967,725,-150,988,729,-140,971,727,-77,978,714,-145,971,714,-127,1012,712,-146,964,708,-10,989,697,-258,942,690,-77,945,692,-343,933,689,-253,934,687,-374,926,686,-284,931,689,-372,930,688,-292,935,690,-343,932,688,-262,1003,622,-30,967,625,30,1009,570,-6,939,570,-68,1017,515,136,916,505,-30,1019,509,146,921,496,-31,1011,491,68,897,484,-116,
962,714,-178,965,721,-183,968,722,-183,970,722,-183,960,721,-170,958,721,-170,957,721,-170,978,725,-158,960,723,-96,968,711,-164,960,710,-147,1002,709,-161,953,706,-31,979,693,-277,931,688,-96,935,690,-376,921,684,-266,923,685,-409,913,683,-297,921,687,-408,916,685,-305,924,688,-376,920,684,-275,994,620,-23,956,622,23,1005,568,-30,930,567,-81,1013,515,108,916,505,-18,1012,509,117,922,495,-17,1013,490,37,897,482,-97,
953,712,-152,956,719,-156,958,720,-156,961,721,-156,951,718,-143,949,719,-143,948,719,-143,968,723,-131,951,721,-70,958,709,-139,951,708,-122,993,705,-151,944,702,-7,968,691,-235,922,685,-59,924,687,-328,914,683,-211,913,682,-359,906,681,-239,910,684,-362,910,683,-248,913,685,-330,913,683,-220,984,620,-19,947,621,19,999,567,-83,923,565,-81,1007,513,28,916,503,-4,1003,504,35,922,493,0,1010,490,-44,896,481,-79,
944,709,-152,947,715,-156,949,716,-156,951,717,-156,942,715,-144,940,715,-144,939,716,-144,958,721,-128,942,717,-72,949,706,-138,942,705,-122,984,704,-147,935,701,-10,958,690,-218,911,684,-50,913,685,-301,904,681,-178,903,679,-330,897,678,-199,900,682,-331,900,680,-208,903,683,-302,903,680,-185,976,620,-16,939,621,16,993,567,-106,917,564,-87,997,512,2,913,504,1,993,504,9,919,494,6,1002,489,-68,897,480,-69,
936,708,-166,939,714,-169,941,715,-169,943,717,-169,934,713,-158,932,714,-158,931,714,-158,950,720,-140,934,716,-88,941,705,-151,935,704,-136,976,703,-138,927,701,-25,950,688,-217,904,684,-47,904,683,-296,897,681,-148,894,677,-324,888,676,-167,891,679,-325,892,678,-177,894,680,-297,895,679,-155,970,621,-14,933,622,14,988,567,-117,911,566,-111,989,513,-4,909,507,-9,985,505,2,914,498,-2,994,489,-75,896,481,-76,
927,703,-204,929,710,-210,931,711,-210,933,712,-210,924,709,-198,923,709,-198,921,709,-198,940,717,-185,923,712,-131,932,702,-190,925,700,-175,968,704,-174,918,699,-66,946,688,-274,897,680,-102,898,682,-366,890,678,-216,888,676,-397,879,674,-238,884,678,-396,883,676,-245,888,679,-366,888,677,-223,964,622,-14,926,623,14,982,567,-96,905,567,-105,986,513,4,902,508,9,982,506,11,905,500,18,994,488,-71,896,480,-55,
917,697,-292,919,703,-300,921,704,-300,923,705,-300,915,702,-288,913,702,-288,912,702,-288,929,710,-275,914,705,-217,922,696,-277,916,694,-260,958,702,-253,909,695,-142,937,684,-364,889,677,-213,890,679,-459,879,675,-361,880,674,-493,870,671,-389,876,676,-490,874,673,-394,879,677,-459,879,674,-369,958,623,-14,920,623,14,979,566,-91,900,566,-68,987,513,28,891,509,53,983,507,38,895,500,61,992,488,-52,880,482,-17,
907,692,-337,909,699,-345,911,700,-345,913,702,-345,904,697,-333,903,697,-333,901,697,-333,920,707,-315,904,700,-258,912,692,-320,906,689,-304,950,700,-287,900,690,-173,933,677,-409,881,672,-240,884,674,-513,863,670,-382,874,669,-548,861,668,-410,870,671,-545,863,670,-415,874,672,-514,869,671,-390,952,621,-15,915,619,15,975,566,-88,893,562,-62,988,513,54,879,504,50,985,507,63,883,495,57,992,488,-33,865,480,-26,
900,686,-374,902,693,-380,905,694,-380,907,695,-380,897,691,-369,895,691,-370,894,691,-370,912,701,-339,895,695,-289,905,686,-352,899,684,-338,941,697,-305,892,687,-202,928,673,-441,871,669,-310,880,671,-556,861,667,-498,869,666,-593,851,667,-532,865,668,-587,854,668,-536,869,669,-555,860,668,-505,947,618,-14,909,616,13,973,566,-81,888,559,-68,988,513,68,870,498,34,985,507,78,873,489,39,994,489,-15,856,472,-31,
892,682,-352,894,689,-361,896,690,-361,898,691,-361,889,687,-347,888,687,-347,887,687,-347,904,696,-332,889,691,-270,897,682,-335,892,679,-318,934,691,-305,887,681,-191,916,672,-443,863,667,-293,871,668,-547,848,668,-468,860,664,-582,845,666,-500,857,666,-577,849,667,-503,861,667,-546,853,666,-476,942,613,-14,903,611,14,969,564,-56,882,557,-69,985,513,95,865,493,28,981,508,105,868,484,34,992,489,16,852,471,-40,
886,675,-353,888,681,-361,890,683,-361,892,684,-361,884,680,-348,882,680,-348,881,680,-348,899,689,-332,883,683,-273,892,675,-337,887,672,-320,928,684,-309,881,675,-194,905,671,-443,856,663,-300,860,666,-537,837,664,-478,849,662,-571,834,664,-511,846,664,-564,837,665,-514,850,664,-536,837,664,-486,936,609,-15,897,607,15,962,561,-34,878,554,-82,980,512,123,865,491,12,979,507,134,869,483,16,982,488,44,852,469,-74,
881,668,-341,883,673,-350,885,674,-350,887,676,-350,879,672,-336,877,672,-336,876,673,-336,894,681,-325,878,677,-262,887,668,-326,881,666,-308,922,677,-302,876,672,-185,901,657,-429,850,659,-283,854,661,-516,830,659,-453,843,658,-548,827,659,-483,840,660,-542,829,660,-487,844,660,-515,831,659,-460,931,606,-15,893,604,15,956,557,-42,874,553,-90,971,511,119,865,493,14,968,505,129,870,485,20,974,486,42,855,469,-69,
877,664,-345,879,669,-350,880,670,-350,882,672,-350,874,668,-338,873,668,-338,871,668,-338,888,677,-316,874,673,-262,882,664,-327,877,662,-312,917,674,-287,872,666,-186,893,657,-404,843,652,-278,847,656,-490,823,651,-438,835,652,-522,819,653,-468,832,655,-516,820,654,-471,836,655,-489,822,653,-445,926,603,-11,890,601,11,951,553,-100,870,552,-121,964,507,46,864,493,-10,961,501,54,869,485,-5,974,486,-31,855,468,-92,
873,660,-340,874,665,-347,875,666,-347,877,667,-347,869,664,-334,868,664,-334,867,665,-334,883,673,-318,869,669,-260,878,661,-325,873,659,-308,913,671,-291,869,662,-179,891,648,-407,841,649,-256,841,651,-491,821,648,-407,830,647,-522,816,648,-435,826,649,-517,816,649,-440,830,650,-490,820,648,-414,924,602,-12,888,600,12,945,552,-94,868,551,-118,964,506,44,864,493,-7,961,500,52,869,485,-1,973,486,-35,854,468,-87,
866,657,-335,867,663,-343,869,664,-343,871,665,-343,863,662,-329,862,662,-329,861,662,-329,877,670,-317,864,667,-254,871,657,-320,866,656,-302,909,667,-291,865,662,-172,883,647,-408,836,650,-250,836,646,-489,816,649,-406,826,642,-520,810,646,-435,822,645,-514,812,646,-440,826,645,-487,816,646,-414,921,600,-16,886,599,16,942,549,-87,865,551,-124,965,505,55,864,492,-10,963,500,63,870,485,-4,973,485,-22,852,468,-88,
861,653,-357,862,659,-364,864,660,-364,866,661,-364,858,658,-350,857,658,-350,856,659,-350,872,668,-337,860,664,-273,867,653,-341,862,652,-323,904,665,-309,862,660,-183,878,645,-430,836,646,-247,832,645,-515,817,644,-393,822,641,-546,807,642,-417,818,643,-539,808,643,-421,822,644,-513,813,643,-399,920,600,-22,885,599,22,939,548,-83,861,552,-132,965,505,77,865,492,-14,964,500,87,870,484,-7,973,485,3,851,468,-90,
856,652,-347,857,658,-355,859,659,-355,861,660,-355,853,657,-341,852,657,-341,851,657,-341,866,667,-334,854,663,-267,861,652,-333,857,651,-314,897,663,-309,858,662,-180,871,640,-426,831,646,-243,824,643,-508,811,643,-386,815,638,-539,801,640,-412,811,640,-534,803,640,-417,816,641,-506,808,645,-393,917,601,-25,882,600,25,937,547,-58,858,551,-131,967,506,94,865,492,-18,967,501,104,870,484,-12,973,484,21,850,469,-92,
851,653,-345,852,659,-354,854,660,-354,856,661,-354,848,659,-340,847,660,-340,846,660,-340,863,667,-332,849,666,-266,856,652,-331,851,651,-312,892,661,-304,850,665,-176,864,633,-412,823,647,-243,818,635,-479,803,639,-403,809,631,-508,794,635,-432,805,634,-505,797,635,-439,810,635,-478,802,637,-411,912,602,-26,878,600,26,935,547,-59,854,550,-126,969,506,69,865,491,-11,969,502,76,871,483,-5,975,484,-6,848,469,-90,
847,654,-366,848,661,-372,851,662,-372,853,663,-372,843,661,-359,842,662,-359,841,662,-359,860,668,-335,842,668,-278,852,652,-347,847,652,-331,887,660,-303,842,667,-181,860,627,-411,815,645,-252,815,627,-472,799,634,-419,804,622,-503,789,629,-450,801,626,-499,791,629,-459,805,628,-471,797,630,-428,908,602,-27,874,600,26,934,547,-86,851,550,-126,970,507,29,865,491,-9,972,503,34,872,483,-3,976,484,-56,848,469,-82,
841,655,-355,843,662,-361,845,663,-361,848,664,-361,837,662,-350,835,663,-350,834,664,-350,854,669,-325,835,669,-272,847,653,-335,841,653,-320,880,661,-299,831,667,-175,862,622,-367,805,641,-237,813,620,-426,794,628,-419,802,615,-455,786,622,-445,798,620,-452,790,624,-445,803,622,-425,794,625,-422,903,603,-27,869,600,27,932,547,-94,847,549,-110,970,507,10,865,491,13,975,506,14,872,484,20,976,483,-76,848,470,-52,
830,656,-351,833,662,-356,835,664,-356,838,666,-356,827,664,-344,826,665,-344,824,666,-344,845,671,-322,826,670,-264,836,656,-330,830,656,-315,871,663,-288,823,667,-160,865,616,-355,798,641,-221,815,612,-416,788,626,-395,802,608,-446,782,618,-425,801,613,-443,787,619,-434,805,616,-414,791,621,-403,899,605,-29,866,601,29,930,548,-110,844,550,-111,971,507,-13,865,491,17,978,506,-10,873,484,26,977,483,-109,848,470,-46,
821,657,-358,824,663,-364,826,664,-364,829,666,-364,819,666,-350,817,667,-350,816,668,-350,836,672,-328,816,670,-264,827,658,-338,821,657,-320,863,663,-292,814,668,-157,865,614,-345,795,641,-179,820,598,-394,784,619,-319,808,592,-425,779,611,-345,805,596,-425,783,612,-361,808,599,-395,786,613,-330,892,605,-33,859,600,33,925,548,-101,841,548,-105,970,507,-17,866,492,23,977,506,-15,873,484,32,977,483,-118,848,470,-37,
812,661,-368,815,668,-374,817,668,-374,819,669,-374,810,670,-361,808,671,-361,807,671,-361,827,674,-336,808,674,-278,818,659,-347,812,659,-331,855,664,-292,804,668,-158,869,618,-321,789,643,-74,826,583,-358,780,611,-85,821,570,-385,775,604,-92,809,575,-388,779,605,-117,812,581,-359,782,606,-95,884,606,-33,851,599,33,919,550,-95,839,547,-98,966,509,-4,866,492,27,970,507,-2,873,484,36,977,484,-98,849,470,-31,
802,664,-325,805,670,-330,808,671,-330,810,671,-330,800,672,-319,799,673,-319,798,673,-320,818,675,-296,799,676,-247,808,660,-306,802,660,-292,848,664,-256,794,668,-137,867,621,-252,786,638,-49,854,579,-266,781,601,-64,856,564,-284,774,592,-68,848,565,-291,775,591,-95,846,571,-267,779,593,-74,877,607,-33,843,599,33,908,552,-92,832,547,-99,956,513,-13,865,493,22,961,510,-11,873,486,30,970,484,-95,849,470,-35,
793,665,-352,795,672,-355,797,672,-355,799,673,-355,791,672,-345,790,673,-345,789,674,-345,807,677,-306,791,677,-264,800,661,-330,794,661,-317,840,664,-268,789,666,-145,867,623,-273,789,628,-53,867,579,-299,780,596,-70,871,566,-320,773,587,-75,864,565,-332,774,585,-103,862,570,-304,777,588,-81,870,609,-36,839,599,36,894,554,-104,829,546,-86,941,515,-35,865,494,28,948,512,-34,873,486,35,952,484,-123,848,470,-27,
784,665,-347,785,672,-348,787,673,-348,789,674,-348,782,672,-339,782,673,-339,781,674,-339,797,678,-304,784,677,-260,791,661,-325,787,661,-313,834,665,-253,782,663,-146,868,629,-250,786,625,-47,875,587,-289,778,596,-51,880,574,-309,772,587,-57,873,572,-325,772,585,-83,870,576,-295,775,587,-62,860,610,-35,830,599,35,880,555,-121,824,544,-91,923,514,-69,864,494,22,933,512,-70,874,486,27,928,482,-162,847,470,-34,
778,663,-327,779,671,-331,781,672,-331,783,674,-331,775,670,-321,774,670,-321,773,671,-321,791,678,-292,776,675,-244,785,660,-307,781,659,-294,829,667,-238,776,663,-134,869,638,-224,781,628,-25,875,592,-252,775,596,-17,880,578,-267,772,588,-19,873,577,-282,772,586,-42,871,581,-256,774,589,-26,851,611,-34,820,600,34,858,555,-175,815,544,-88,901,505,-135,860,495,20,909,500,-137,871,491,27,902,470,-231,848,470,-38,
774,662,-351,774,670,-354,776,672,-354,778,673,-354,770,668,-345,769,668,-345,767,668,-345,787,678,-294,770,672,-257,781,659,-326,776,658,-313,822,667,-242,770,663,-135,867,640,-215,778,630,-2,868,593,-248,777,601,22,874,580,-264,774,592,23,867,579,-285,774,591,-1,864,582,-254,776,594,14,842,611,-35,811,600,35,846,556,-213,805,543,-96,881,492,-176,856,495,-5,889,485,-178,867,492,0,873,462,-278,846,468,-66,
769,661,-356,770,669,-360,772,671,-360,774,673,-360,765,667,-351,763,667,-351,762,666,-351,782,678,-298,763,671,-263,776,659,-329,770,657,-316,813,667,-241,759,662,-135,858,639,-215,766,632,0,858,591,-249,771,614,41,873,576,-265,773,607,44,865,576,-283,772,612,24,857,580,-253,774,614,35,832,610,-34,800,599,35,837,555,-199,792,541,-94,864,481,-156,849,498,22,874,472,-156,862,498,30,852,453,-257,846,468,-34,
762,661,-370,764,669,-372,766,671,-372,768,673,-372,758,667,-364,756,667,-364,754,667,-364,775,678,-309,755,671,-276,768,659,-342,763,657,-332,806,667,-242,750,663,-163,841,632,-230,748,655,-129,832,585,-290,761,673,-146,836,569,-308,769,674,-155,829,569,-316,767,675,-152,826,575,-292,766,674,-146,824,606,-35,793,598,35,833,540,-128,781,538,-40,865,476,-107,835,503,147,875,468,-115,845,503,164,849,450,-236,837,471,117,
755,664,-369,756,673,-359,758,674,-359,761,675,-359,750,670,-358,748,669,-358,747,669,-358,767,679,-297,747,671,-270,761,662,-332,755,659,-332,795,665,-246,743,661,-156,823,626,-257,738,651,-84,809,582,-298,754,659,-71,807,569,-316,760,659,-76,799,570,-322,759,659,-85,799,575,-299,758,658,-74,816,599,-35,784,594,35,826,534,-93,765,538,-95,862,479,-10,818,504,72,872,473,-7,828,503,85,850,451,-105,809,471,27,
745,668,-322,747,676,-318,750,677,-318,752,678,-318,741,674,-314,739,673,-314,737,672,-314,757,680,-255,736,673,-234,751,665,-293,744,662,-288,782,665,-219,730,661,-124,803,623,-242,729,653,-60,775,584,-276,749,663,-55,772,572,-294,757,663,-60,765,573,-296,750,667,-69,765,578,-275,754,662,-59,808,599,-36,776,592,36,823,532,-84,751,539,-97,862,478,-24,800,503,53,873,471,-24,813,501,63,848,450,-121,784,471,7,
732,672,-334,734,679,-326,736,680,-326,739,680,-326,727,677,-320,725,676,-320,723,676,-320,744,682,-277,721,676,-245,737,668,-303,730,666,-293,768,665,-236,718,661,-120,788,621,-255,722,640,-51,756,587,-286,735,629,-81,748,572,-323,738,624,-88,740,582,-319,738,626,-102,742,585,-279,738,627,-87,800,598,-40,767,591,40,821,530,-82,738,540,-96,862,479,-1,776,495,48,873,472,0,787,486,58,850,453,-100,751,470,0,
715,673,-311,717,680,-309,719,681,-309,721,682,-309,711,678,-301,709,678,-301,707,678,-301,726,684,-247,706,679,-207,720,670,-283,714,668,-271,753,667,-208,701,661,-84,776,623,-225,709,628,-15,745,590,-289,715,594,-85,737,581,-322,714,583,-96,730,587,-324,715,584,-122,732,590,-290,717,589,-95,787,596,-41,754,589,41,817,531,-78,725,539,-134,862,478,-3,757,482,-25,873,472,-2,771,472,-18,850,452,-104,733,460,-93,
694,673,-284,697,681,-284,699,682,-284,702,683,-284,690,679,-274,688,679,-274,686,679,-274,708,686,-229,687,682,-182,701,670,-258,694,668,-245,736,673,-198,686,661,-59,763,626,-216,691,623,15,739,590,-278,685,587,-53,737,581,-306,680,575,-65,728,585,-312,682,574,-96,728,589,-280,685,579,-66,774,596,-45,743,587,45,810,532,-83,715,536,-121,856,480,-10,745,473,-27,867,474,-14,758,462,-23,851,452,-114,716,454,-87,
677,675,-310,679,684,-311,681,685,-311,684,686,-311,673,682,-302,671,681,-302,669,681,-302,690,689,-256,670,684,-213,684,673,-285,677,670,-273,721,676,-209,672,660,-88,752,633,-226,667,618,-24,746,588,-299,651,583,-90,749,576,-331,644,569,-107,741,576,-347,647,567,-142,739,579,-306,650,573,-108,763,597,-49,732,587,49,794,534,-93,710,534,-81,848,482,-40,746,472,-4,857,475,-43,757,462,6,849,452,-141,717,452,-61,
656,677,-295,658,685,-293,661,686,-293,663,687,-293,653,684,-285,651,685,-285,649,685,-285,670,691,-237,652,687,-198,663,674,-270,657,672,-259,704,678,-214,652,657,-88,742,638,-232,640,617,-52,755,588,-287,621,582,-143,764,576,-315,610,570,-162,755,574,-332,613,569,-193,751,577,-293,618,574,-159,747,597,-51,720,587,51,764,535,-151,704,533,-54,832,486,-126,744,472,43,844,483,-129,757,461,50,838,453,-219,716,450,-9,
655,676,-322,657,684,-326,659,685,-326,662,686,-326,651,683,-309,650,683,-309,648,683,-309,669,690,-287,651,686,-213,663,673,-304,656,671,-283,707,677,-260,651,658,-111,744,637,-282,637,620,-81,757,588,-320,620,582,-159,766,575,-349,609,571,-177,758,573,-365,613,570,-207,754,576,-326,619,575,-174,746,599,-51,720,588,51,764,535,-186,703,532,-66,828,490,-146,743,473,43,842,489,-147,758,461,50,835,455,-237,714,450,-11,
631,677,-271,632,685,-275,634,686,-275,636,687,-275,629,684,-258,628,684,-258,628,685,-258,646,691,-251,634,687,-176,640,674,-259,636,672,-238,688,678,-253,641,659,-77,729,639,-277,617,622,-37,755,592,-319,592,585,-94,769,585,-345,579,574,-106,761,579,-361,581,572,-136,756,580,-326,588,577,-110,738,603,-56,710,590,56,742,535,-176,695,531,-71,807,494,-126,742,474,26,822,495,-127,756,463,30,807,460,-218,714,450,-29,
614,676,-256,614,684,-269,616,685,-269,617,687,-269,612,684,-246,612,684,-246,612,685,-246,627,691,-268,620,689,-175,621,673,-256,619,672,-226,673,677,-284,629,664,-77,725,647,-325,599,625,-34,757,603,-351,570,588,-77,771,597,-380,558,578,-85,764,591,-393,557,576,-111,760,591,-358,564,580,-92,721,605,-66,697,595,66,711,533,-156,691,531,-63,776,494,-45,742,475,33,793,497,-38,756,465,39,778,460,-99,715,450,-13,
599,677,-202,599,684,-216,600,685,-216,601,687,-216,598,684,-192,598,685,-192,599,686,-192,610,692,-239,606,691,-132,606,674,-208,604,674,-177,658,677,-265,616,670,-48,715,655,-300,582,633,-15,749,616,-333,551,589,-50,765,612,-360,538,580,-52,763,607,-378,538,580,-78,757,608,-338,544,584,-64,707,605,-72,685,598,72,689,533,-134,678,531,2,747,483,-46,738,480,96,760,481,-39,746,475,104,729,455,-83,718,451,72,
585,677,-182,584,684,-194,585,685,-194,587,686,-194,583,684,-170,583,685,-170,583,686,-170,594,692,-209,588,691,-102,591,675,-184,589,674,-153,641,678,-231,595,671,-11,699,662,-267,563,640,32,734,628,-281,538,598,-2,750,624,-303,526,588,-3,749,621,-315,526,588,-26,743,619,-287,531,591,-14,692,605,-78,669,597,78,679,533,-142,656,532,5,730,482,-49,720,485,105,743,478,-41,733,479,113,715,454,-82,705,454,82,
569,680,-191,569,687,-203,570,688,-203,571,689,-203,567,686,-180,567,687,-180,567,688,-180,578,695,-206,572,692,-104,575,678,-189,573,678,-159,626,680,-213,580,672,0,681,668,-241,550,644,86,716,635,-260,527,608,72,730,631,-279,517,599,73,729,627,-297,517,599,49,723,626,-268,522,601,60,675,604,-73,652,597,73,684,533,-124,638,536,-24,734,477,-42,689,483,25,746,470,-38,705,472,28,717,454,-113,664,452,-30,
551,686,-126,551,693,-137,552,694,-137,553,695,-137,549,692,-114,549,693,-114,549,694,-114,561,700,-141,555,697,-41,558,684,-124,556,683,-95,608,683,-157,562,674,58,663,672,-179,536,644,126,698,639,-196,518,612,85,712,634,-215,511,602,86,709,630,-228,512,602,62,703,629,-200,517,605,74,654,604,-74,636,597,74,624,534,-73,671,535,108,650,474,-2,721,479,177,661,463,2,735,471,180,622,450,-51,695,452,132,
535,688,-185,536,696,-193,537,697,-193,539,698,-193,534,695,-173,534,696,-173,535,697,-173,547,703,-180,541,700,-90,543,687,-177,541,686,-151,595,686,-178,546,675,21,650,672,-187,526,643,77,681,633,-197,513,614,15,695,628,-214,507,604,12,692,623,-229,510,604,-8,686,623,-202,513,607,4,635,602,-74,619,597,74,607,532,-100,662,535,132,624,463,-65,721,482,236,634,451,-66,734,478,242,593,445,-138,706,452,187,
522,687,-136,521,694,-146,523,695,-145,524,696,-145,520,694,-123,520,694,-123,520,695,-123,532,702,-144,525,698,-47,529,685,-132,527,685,-104,582,686,-150,533,673,48,637,668,-155,523,639,70,661,627,-148,511,612,-26,673,621,-161,505,603,-39,669,617,-174,506,604,-57,665,617,-151,509,607,-37,615,601,-73,600,595,73,593,527,-56,640,534,52,612,458,8,708,493,111,622,447,11,725,493,107,579,436,-50,703,459,56,
505,687,-86,504,694,-98,505,695,-98,507,696,-98,502,693,-74,502,694,-74,502,694,-74,516,701,-115,508,697,-9,512,685,-91,510,684,-60,562,685,-146,522,670,73,615,666,-169,525,630,97,635,616,-165,512,600,4,645,605,-183,506,590,-8,640,602,-191,507,591,-27,635,604,-166,511,594,-8,600,599,-72,581,591,72,587,523,-66,610,531,52,611,456,-11,686,501,103,621,445,-8,699,503,101,583,434,-67,691,467,58,
487,687,-149,487,694,-160,489,695,-160,490,696,-160,485,694,-137,485,694,-137,485,694,-137,500,700,-177,493,697,-68,495,685,-150,493,684,-121,542,681,-226,512,670,38,595,654,-251,526,626,69,600,601,-239,516,590,23,608,588,-267,511,575,17,601,586,-265,512,573,-8,596,589,-236,514,579,9,580,592,-74,564,588,74,578,519,-43,583,527,131,611,457,26,655,505,241,624,448,30,669,509,250,586,434,-26,657,472,228,
467,686,-183,467,694,-200,468,695,-200,469,696,-200,466,693,-173,466,694,-173,466,694,-173,479,700,-232,475,697,-114,474,684,-192,472,683,-158,524,675,-259,496,669,-22,571,641,-288,517,625,51,566,588,-289,516,590,13,569,575,-320,514,577,6,562,576,-322,513,578,-19,559,580,-289,515,582,0,563,584,-73,542,582,73,571,514,10,551,521,166,610,459,128,616,506,333,620,449,136,630,507,348,585,436,67,612,478,321,
452,682,-135,450,690,-151,451,690,-151,452,691,-151,450,690,-125,451,691,-125,451,692,-125,460,694,-185,458,695,-66,459,680,-145,458,679,-111,505,670,-240,484,667,19,546,631,-262,511,625,68,525,588,-201,514,587,32,520,577,-223,514,576,26,516,580,-219,513,578,9,518,583,-198,515,581,22,554,584,-74,530,581,74,566,513,-42,514,521,100,605,461,56,574,502,273,618,452,63,587,503,289,583,435,-6,564,475,274,
432,680,-117,430,689,-133,431,689,-133,431,689,-133,430,689,-106,431,690,-106,432,691,-106,440,692,-169,440,694,-47,439,678,-128,439,678,-93,481,665,-226,471,667,48,522,627,-227,501,627,113,493,591,-131,498,590,101,486,581,-146,495,579,101,482,584,-142,496,580,82,484,587,-127,499,583,92,532,580,-83,524,582,83,561,510,-45,491,522,50,602,461,33,544,485,164,616,453,37,561,472,173,579,435,-33,516,460,151,
409,675,-36,408,682,-52,408,683,-52,409,683,-52,408,682,-25,408,683,-25,409,684,-25,418,687,-91,417,689,27,417,673,-48,416,673,-13,455,666,-150,452,668,106,491,628,-202,489,630,141,471,592,-176,505,592,98,465,582,-198,506,581,97,460,585,-188,505,581,76,462,588,-170,505,585,87,510,582,-80,512,583,80,466,523,-35,541,520,70,499,462,35,598,464,101,511,452,40,611,456,100,476,437,1,574,439,65,
392,676,-81,392,683,-96,392,683,-96,393,684,-96,391,683,-69,391,683,-69,392,684,-69,401,687,-126,399,688,-3,400,674,-89,399,673,-53,441,665,-175,432,668,89,472,624,-212,474,630,121,458,587,-191,491,591,56,453,575,-215,493,580,51,448,578,-209,490,580,30,450,582,-186,492,584,44,495,584,-81,491,584,82,455,524,-47,529,519,87,466,450,29,588,467,132,472,439,35,603,461,134,438,431,-17,573,435,88,
373,672,-84,372,679,-102,372,680,-102,373,680,-102,371,679,-74,372,680,-74,372,681,-74,382,684,-141,381,685,-15,381,672,-96,381,671,-59,417,667,-188,413,668,73,435,620,-216,439,629,108,446,582,-179,459,591,53,449,570,-200,461,578,52,446,571,-196,462,578,29,445,575,-175,460,582,41,477,583,-83,464,582,83,497,515,-57,446,516,145,557,470,-9,451,443,222,569,469,-7,462,428,226,532,433,-78,419,422,191,
354,670,-77,351,677,-92,351,678,-92,351,679,-92,350,677,-65,351,677,-65,351,678,-65,359,684,-128,358,683,-8,361,670,-88,361,669,-53,404,667,-188,395,664,75,437,624,-229,420,626,112,450,576,-207,441,586,63,455,562,-234,442,572,61,450,560,-224,442,572,38,447,564,-200,441,577,51,457,583,-82,449,582,82,436,512,-93,449,517,50,501,468,-30,498,459,102,515,467,-25,513,447,105,495,427,-68,490,432,72,
333,672,-102,333,679,-117,334,680,-117,334,681,-117,332,678,-93,332,679,-93,332,680,-93,342,684,-129,339,684,-26,338,670,-102,337,669,-73,384,675,-188,360,665,62,418,627,-236,385,629,140,442,579,-243,391,593,124,451,566,-270,389,583,128,446,563,-269,390,582,100,442,567,-241,390,584,112,428,585,-81,417,583,81,421,512,-122,419,514,36,502,487,-32,452,444,112,514,492,-25,464,434,117,505,443,-69,429,423,67,
319,672,-74,318,680,-87,319,681,-87,320,681,-87,317,679,-62,318,680,-62,319,681,-62,328,685,-109,327,685,3,327,671,-80,327,670,-47,365,674,-163,354,661,93,407,631,-211,381,621,144,433,582,-242,389,580,93,443,568,-256,390,568,92,439,569,-256,389,567,65,435,572,-238,389,572,80,410,583,-82,404,581,82,391,509,-136,400,511,37,460,487,-20,450,449,119,479,495,-14,459,442,125,468,451,-19,442,422,90,
299,674,-127,299,682,-139,300,683,-139,301,684,-139,297,680,-116,297,681,-116,297,681,-116,310,686,-149,305,685,-45,308,673,-129,305,672,-98,350,674,-168,329,659,50,390,632,-221,357,620,104,418,593,-241,363,582,44,429,583,-266,363,570,35,424,579,-271,363,569,9,420,582,-242,364,574,30,395,583,-79,376,580,79,408,510,-104,356,516,-18,438,459,21,421,480,99,453,455,27,433,476,108,424,428,-32,409,447,66,
280,675,-115,280,683,-124,281,684,-124,282,684,-124,278,682,-100,279,682,-100,279,683,-100,292,687,-136,288,687,-25,288,674,-116,287,673,-84,331,673,-169,314,662,72,375,640,-239,298,658,177,404,607,-274,271,657,206,415,597,-296,263,655,211,410,593,-305,264,655,192,405,595,-277,267,655,196,385,583,-79,365,579,79,409,511,-111,330,530,-6,441,453,-39,386,479,109,449,446,-37,401,471,117,421,429,-121,361,447,76,
257,677,-97,256,685,-112,257,686,-112,258,686,-112,255,685,-87,255,685,-87,256,686,-87,268,690,-137,266,690,-24,266,676,-104,265,676,-71,304,677,-172,290,673,66,353,653,-228,258,685,145,387,620,-223,214,699,159,398,610,-234,203,700,161,393,606,-244,219,690,144,388,608,-225,209,700,150,361,585,-78,345,582,78,396,518,-67,311,534,-6,437,455,2,350,477,71,444,449,5,394,461,74,414,429,-92,361,432,25,
240,681,-115,240,688,-130,241,689,-130,243,690,-130,239,688,-105,239,688,-105,240,689,-105,255,693,-158,251,693,-43,249,680,-122,247,679,-89,290,678,-185,276,676,34,334,661,-263,228,693,81,366,630,-294,189,690,57,376,620,-316,176,692,50,371,616,-321,177,691,29,366,618,-296,181,690,44,343,588,-78,333,586,78,345,523,-44,372,531,7,364,458,31,425,474,93,371,453,36,441,461,95,352,428,-38,411,444,42,
224,684,-115,225,691,-129,225,691,-129,226,692,-129,224,691,-104,224,691,-104,225,692,-104,237,695,-155,234,694,-41,232,682,-121,231,681,-88,274,679,-186,255,675,35,320,664,-264,216,684,142,348,634,-308,184,675,163,358,624,-333,174,675,168,353,621,-335,176,673,143,349,623,-309,179,671,151,329,589,-80,307,586,80,360,524,-95,277,530,19,424,473,-23,293,465,94,436,470,-20,303,449,104,418,434,-108,259,445,60,
206,683,-155,206,690,-171,207,691,-171,208,691,-171,206,690,-145,207,691,-145,207,691,-145,216,695,-197,214,694,-77,212,681,-161,212,681,-126,253,679,-227,236,674,36,303,665,-277,218,672,206,330,630,-287,182,660,303,339,620,-308,173,657,326,333,616,-310,173,656,300,330,618,-286,177,656,294,308,587,-85,289,583,85,339,524,-94,266,525,29,416,493,-20,277,454,99,429,495,-16,286,439,110,417,457,-94,244,444,67,
187,681,-152,188,689,-172,189,689,-172,190,690,-172,189,689,-144,190,690,-144,191,691,-144,199,693,-211,199,693,-85,195,678,-163,196,678,-127,233,674,-246,219,669,19,279,660,-313,213,658,194,308,624,-339,181,642,318,316,614,-362,177,638,346,310,610,-359,178,639,323,306,612,-337,181,637,312,283,583,-85,268,579,84,312,523,-18,270,515,103,392,506,91,277,448,212,405,512,101,288,434,220,401,470,43,266,426,169,
173,680,-125,172,688,-142,173,689,-142,173,689,-142,172,689,-117,173,690,-117,174,691,-117,181,690,-186,182,691,-79,180,677,-135,180,677,-103,210,668,-241,209,669,30,261,639,-290,224,638,171,275,606,-340,203,616,258,279,598,-370,195,611,275,274,598,-366,196,613,255,274,600,-340,198,614,252,264,572,-83,265,578,83,247,515,42,290,516,198,280,455,168,347,510,329,290,445,181,359,518,342,253,441,151,349,483,322,
168,676,22,167,682,2,167,682,2,167,682,2,169,684,25,170,686,25,170,687,25,170,683,-56,175,686,45,171,671,4,173,673,33,184,661,-133,204,669,106,214,618,-197,225,627,164,226,586,-212,224,592,182,236,577,-233,223,583,197,231,580,-223,217,586,180,227,581,-209,217,587,175,241,567,-83,251,575,83,236,504,-28,268,517,125,277,448,-1,324,511,261,288,440,2,337,516,300,255,434,-21,343,482,186,
168,664,11,167,669,-6,167,669,-6,167,669,-6,169,671,10,170,672,10,171,672,10,172,667,-60,178,672,19,171,659,-4,172,660,18,177,642,-119,205,660,78,189,592,-123,216,613,112,194,572,-78,208,584,114,197,566,-90,205,579,123,198,571,-83,204,578,106,198,572,-75,205,580,107,223,559,-79,238,572,79,221,499,-36,246,525,153,274,451,4,289,500,254,286,444,10,305,501,265,252,430,-10,294,481,259,
169,664,16,169,670,1,169,670,1,169,670,1,170,670,16,170,670,16,171,670,16,173,668,-34,176,669,34,170,660,8,171,660,28,173,648,-82,195,654,93,189,614,-165,208,618,173,192,616,-235,200,599,234,193,619,-260,200,595,253,193,624,-249,196,595,236,193,622,-235,196,596,230,214,563,-65,228,570,65,219,497,-37,232,515,86,273,451,9,271,460,140,287,444,14,284,452,145,248,430,-11,252,441,121,
163,646,59,163,652,48,163,652,48,164,653,48,163,651,61,163,651,61,163,652,61,168,655,22,166,654,82,166,643,53,165,643,70,176,646,-30,185,642,121,185,620,-130,193,608,180,171,619,-210,186,589,225,169,619,-227,185,584,242,169,623,-217,182,585,228,170,622,-207,182,587,221,199,563,-60,209,563,59,215,494,-80,216,504,47,274,450,-89,266,457,52,289,442,-90,281,449,52,250,429,-121,246,438,27,
















