





















































































1516,814,-101,1519,820,-110,1520,821,-110,1521,821,-110,1517,819,-89,1517,819,-89,1517,819,-89,1528,822,-112,1521,818,-17,1522,810,-96,1519,809,-69,1533,818,-156,1537,806,92,1565,786,-205,1541,771,145,1567,737,-235,1528,737,92,1564,724,-261,1527,727,97,1559,723,-252,1523,729,70,1564,731,-230,1523,731,80,1549,737,-91,1550,738,91,1530,698,-77,1544,687,257,1552,630,4,1556,630,428,1562,625,15,1566,620,446,1532,620,-31,1530,613,429,
1513,813,-314,1515,820,-318,1517,821,-318,1518,821,-318,1512,819,-304,1511,819,-304,1511,819,-304,1526,822,-273,1514,818,-208,1519,810,-290,1515,809,-272,1535,811,-235,1517,800,-68,1567,779,-239,1509,767,-8,1582,733,-278,1490,728,-81,1588,722,-302,1483,718,-83,1584,720,-306,1481,717,-119,1580,724,-280,1486,719,-98,1547,732,-71,1537,731,71,1522,680,-77,1526,680,77,1549,629,4,1541,626,170,1556,624,13,1544,616,178,1538,611,-42,1524,601,113,
1495,816,-236,1497,822,-238,1499,823,-238,1501,824,-238,1493,822,-224,1492,822,-224,1492,822,-224,1509,824,-199,1496,822,-131,1500,812,-216,1496,811,-197,1530,808,-193,1493,796,-19,1566,780,-184,1483,760,32,1582,740,-242,1462,723,-45,1589,730,-269,1452,715,-52,1585,728,-298,1452,714,-85,1581,730,-252,1457,716,-61,1526,719,-65,1509,720,65,1501,681,-106,1503,678,125,1528,626,-16,1524,627,256,1540,618,-7,1525,613,268,1515,603,-66,1508,603,217,
1479,818,-166,1482,824,-166,1483,824,-166,1485,825,-167,1478,823,-151,1477,823,-151,1477,823,-151,1493,826,-133,1481,824,-58,1484,814,-151,1480,813,-130,1520,809,-129,1477,797,17,1559,783,-168,1464,757,77,1577,750,-242,1442,724,-40,1585,743,-269,1434,716,-3,1580,740,-282,1434,716,-32,1577,741,-248,1437,718,-47,1509,716,-64,1492,715,64,1479,678,-119,1495,668,138,1493,621,-56,1521,615,252,1513,607,-50,1530,607,261,1491,600,-112,1503,589,214,
1463,818,-96,1465,824,-96,1467,824,-97,1469,825,-97,1462,823,-81,1461,823,-81,1461,824,-81,1478,826,-70,1465,824,2,1468,814,-85,1464,813,-64,1501,807,-79,1464,797,77,1542,790,-124,1449,759,99,1557,757,-185,1430,733,3,1566,749,-211,1421,725,2,1561,747,-216,1422,725,-23,1557,748,-189,1426,727,-9,1492,719,-64,1474,718,64,1457,677,-168,1479,668,127,1447,609,-199,1522,618,197,1451,596,-204,1531,610,202,1420,601,-279,1505,594,160,
1448,816,-50,1450,822,-47,1452,822,-47,1454,823,-47,1446,821,-35,1445,821,-35,1444,821,-35,1461,824,-10,1448,821,45,1454,813,-36,1450,812,-20,1482,803,-19,1445,794,114,1523,790,-56,1433,759,141,1541,757,-120,1415,740,72,1549,750,-143,1406,733,59,1545,748,-151,1407,734,40,1541,749,-125,1411,735,61,1471,715,-60,1457,715,61,1437,667,-146,1466,660,128,1417,601,-170,1515,626,213,1418,589,-175,1526,629,220,1389,599,-252,1505,595,188,
1430,815,-82,1433,820,-80,1435,821,-80,1437,821,-80,1430,820,-67,1429,820,-67,1429,820,-67,1445,822,-46,1434,821,12,1436,811,-68,1432,811,-51,1468,799,-47,1430,794,91,1510,785,-86,1420,759,140,1522,754,-158,1402,738,92,1531,746,-181,1392,731,85,1529,744,-190,1392,731,66,1525,748,-163,1397,733,83,1455,713,-63,1438,713,63,1421,661,-146,1440,655,140,1398,593,-171,1498,636,230,1399,581,-176,1511,641,237,1368,591,-245,1493,606,209,
1413,810,-92,1416,816,-94,1418,816,-94,1420,817,-94,1412,816,-78,1412,816,-78,1411,816,-78,1427,819,-72,1416,818,1,1419,806,-82,1414,806,-60,1455,795,-72,1414,791,82,1493,773,-102,1404,751,131,1503,734,-152,1382,725,51,1512,728,-172,1373,716,36,1509,726,-183,1372,716,15,1505,728,-156,1376,719,41,1438,708,-65,1419,709,65,1404,653,-137,1413,650,124,1386,586,-127,1473,642,204,1393,575,-128,1487,646,210,1360,572,-194,1471,606,179,
1395,805,-167,1397,811,-170,1399,811,-170,1401,812,-171,1394,811,-154,1393,811,-154,1393,811,-154,1409,814,-146,1399,812,-68,1401,801,-155,1397,801,-133,1437,788,-130,1397,786,23,1472,753,-143,1389,744,77,1476,711,-175,1370,710,8,1484,704,-197,1360,698,-3,1480,702,-200,1358,697,-31,1477,704,-177,1363,701,-5,1422,705,-60,1400,707,60,1393,647,-84,1384,650,-3,1432,620,66,1387,590,35,1444,636,80,1393,580,36,1401,600,50,1363,574,-19,
1378,803,-190,1380,809,-190,1382,810,-190,1385,810,-190,1376,809,-175,1375,809,-175,1375,809,-175,1393,811,-155,1380,810,-87,1384,799,-174,1378,798,-154,1419,781,-141,1379,782,4,1444,736,-145,1376,734,50,1446,694,-180,1359,697,-19,1453,683,-201,1351,685,-32,1448,683,-209,1351,685,-57,1444,686,-183,1354,690,-32,1407,700,-58,1382,702,58,1375,642,-85,1358,646,28,1388,589,-24,1408,614,175,1394,581,-19,1421,621,178,1365,575,-79,1399,586,133,
1360,802,-181,1362,808,-180,1364,809,-180,1367,809,-180,1359,807,-165,1358,807,-165,1358,807,-165,1375,810,-143,1363,807,-69,1366,797,-154,1362,796,-133,1402,779,-128,1364,780,28,1414,730,-140,1369,736,61,1411,690,-159,1361,703,-10,1414,677,-179,1358,692,-24,1409,677,-187,1357,693,-44,1407,681,-161,1360,696,-21,1389,696,-57,1366,699,57,1371,639,-77,1336,649,20,1384,588,9,1373,614,171,1392,577,14,1381,611,184,1360,573,-49,1358,588,158,
1345,799,-154,1347,806,-161,1349,807,-161,1351,807,-161,1344,805,-150,1344,805,-150,1343,805,-150,1360,808,-129,1349,806,-58,1351,795,-148,1346,794,-128,1386,777,-128,1348,779,21,1389,728,-140,1349,740,48,1373,691,-150,1345,708,-19,1372,678,-170,1343,697,-32,1368,679,-178,1344,698,-50,1368,684,-152,1346,702,-29,1376,692,-49,1350,696,49,1366,631,-49,1316,650,-8,1384,586,46,1334,599,87,1391,578,51,1340,589,93,1362,571,-17,1308,580,45,
1327,802,-148,1331,808,-152,1333,809,-152,1334,809,-153,1328,806,-138,1328,806,-138,1327,806,-138,1342,809,-138,1331,807,-62,1333,797,-140,1329,796,-119,1367,777,-146,1332,778,20,1364,730,-158,1336,739,47,1340,697,-152,1332,708,-25,1336,686,-169,1331,695,-37,1333,689,-175,1331,697,-56,1333,692,-152,1332,701,-35,1362,692,-50,1334,695,50,1358,627,-29,1299,645,-9,1382,590,95,1291,584,25,1389,583,104,1295,571,25,1364,569,41,1263,576,-35,
1309,806,-138,1313,816,-142,1315,817,-142,1317,818,-142,1308,809,-127,1306,807,-127,1305,807,-127,1325,811,-135,1309,808,-57,1316,800,-132,1310,797,-110,1350,780,-135,1313,779,26,1347,733,-153,1322,739,61,1315,705,-133,1326,706,-8,1307,693,-150,1324,697,-19,1305,695,-150,1325,696,-44,1308,695,-131,1326,701,-21,1343,693,-49,1316,695,49,1343,628,-31,1284,640,19,1375,593,123,1261,580,51,1384,586,136,1264,567,50,1364,571,82,1233,577,-10,
1294,805,-139,1298,814,-142,1300,815,-142,1302,816,-142,1293,810,-127,1292,808,-127,1291,808,-127,1311,812,-115,1294,809,-47,1300,799,-129,1294,797,-109,1334,780,-116,1296,780,49,1334,731,-131,1303,736,74,1297,708,-123,1305,705,-1,1289,699,-141,1303,693,-13,1287,706,-140,1303,695,-31,1290,707,-121,1305,700,-11,1325,691,-50,1297,694,50,1325,625,-53,1268,637,12,1365,595,120,1244,574,43,1375,597,136,1247,562,42,1359,570,91,1215,574,-21,
1277,799,-107,1281,808,-109,1283,809,-109,1286,810,-109,1277,806,-95,1277,805,-95,1276,805,-95,1294,808,-80,1279,805,-14,1283,795,-93,1277,793,-75,1319,777,-80,1275,776,72,1317,728,-100,1284,734,100,1281,709,-113,1280,707,18,1271,700,-132,1275,694,4,1269,709,-132,1275,696,-14,1273,710,-111,1277,700,8,1309,689,-48,1281,691,48,1303,624,-46,1254,631,9,1349,602,139,1236,567,43,1357,608,157,1240,554,42,1346,572,115,1207,561,-22,
1259,795,-106,1262,802,-108,1264,802,-108,1266,803,-108,1258,800,-94,1258,800,-94,1257,800,-94,1275,803,-83,1263,800,-16,1266,791,-93,1261,789,-74,1304,773,-82,1256,770,62,1300,725,-103,1266,728,91,1264,708,-115,1263,694,15,1255,699,-134,1262,685,2,1254,705,-133,1262,684,-15,1257,707,-112,1264,689,4,1292,686,-48,1264,687,48,1281,621,-41,1238,629,-23,1325,602,146,1230,563,-12,1335,607,164,1237,552,-15,1323,570,128,1203,551,-83,
1246,793,-114,1248,799,-115,1250,800,-115,1253,801,-115,1244,798,-102,1242,798,-102,1241,798,-102,1261,801,-86,1245,798,-25,1252,789,-101,1246,787,-84,1288,772,-89,1237,767,54,1278,728,-114,1233,725,88,1246,702,-159,1226,687,18,1240,692,-181,1225,675,4,1236,697,-183,1223,676,-15,1238,700,-159,1226,680,7,1277,686,-49,1247,686,49,1258,625,-53,1221,632,-55,1293,598,92,1232,565,-18,1301,600,104,1239,553,-18,1286,564,57,1206,549,-79,
1231,789,-197,1233,796,-202,1235,796,-202,1237,797,-202,1229,795,-188,1228,795,-188,1227,795,-188,1246,798,-182,1232,796,-113,1237,785,-185,1232,784,-165,1274,771,-181,1221,765,-26,1257,728,-233,1210,723,12,1227,701,-296,1191,675,-40,1222,691,-323,1182,664,-52,1217,694,-328,1182,660,-75,1218,697,-299,1186,666,-51,1263,685,-52,1232,687,52,1236,628,-111,1213,629,-12,1258,583,-8,1230,566,62,1265,582,-1,1238,555,70,1250,556,-59,1206,548,9,
1216,788,-253,1218,794,-257,1220,794,-257,1222,795,-257,1215,794,-242,1214,794,-242,1213,794,-242,1231,796,-232,1218,794,-159,1222,784,-239,1218,783,-218,1259,770,-228,1207,763,-60,1242,727,-280,1188,720,-26,1211,696,-341,1165,676,-90,1204,687,-373,1154,663,-106,1198,691,-378,1154,660,-130,1199,694,-344,1160,666,-103,1247,684,-58,1217,686,58,1216,627,-96,1197,626,0,1226,570,-1,1225,568,106,1231,561,3,1234,558,114,1207,550,-70,1205,551,49,
1203,786,-268,1205,792,-272,1207,793,-273,1209,793,-273,1202,792,-258,1201,792,-258,1200,792,-258,1217,795,-241,1204,792,-173,1209,782,-252,1204,781,-232,1244,768,-225,1192,764,-72,1227,725,-268,1170,722,-33,1189,697,-332,1142,683,-98,1180,688,-362,1132,671,-115,1176,693,-367,1133,669,-138,1178,697,-334,1137,674,-110,1231,680,-56,1202,683,56,1197,620,-83,1182,623,-5,1191,560,24,1213,572,116,1194,552,32,1224,562,126,1175,539,-46,1202,550,64,
1188,782,-206,1191,788,-223,1193,788,-223,1195,789,-223,1187,787,-199,1187,787,-199,1186,787,-199,1203,790,-192,1191,788,-158,1194,778,-210,1189,777,-178,1229,764,-181,1179,762,-26,1210,723,-216,1152,724,13,1167,698,-274,1122,684,-54,1157,691,-300,1114,678,-66,1154,698,-301,1114,676,-90,1157,701,-274,1118,676,-65,1213,673,-54,1184,679,54,1179,613,-86,1162,619,-25,1167,550,-5,1199,573,94,1167,540,-1,1211,566,113,1151,531,-78,1186,546,49,
1174,776,-194,1177,782,-201,1179,783,-201,1181,783,-201,1174,782,-183,1173,782,-183,1172,782,-183,1189,783,-175,1177,782,-110,1179,772,-184,1174,771,-161,1213,759,-172,1168,760,-11,1182,723,-206,1140,725,6,1138,709,-249,1112,704,-96,1128,703,-274,1104,697,-116,1126,708,-277,1106,699,-135,1129,710,-249,1109,700,-108,1198,668,-52,1170,673,52,1164,608,-92,1143,617,-35,1151,542,-16,1178,571,84,1151,531,-13,1190,567,102,1130,523,-92,1165,542,43,
1157,770,-118,1161,777,-123,1164,777,-123,1166,777,-123,1157,777,-107,1157,777,-107,1156,777,-107,1175,778,-102,1161,777,-30,1162,766,-108,1157,766,-86,1197,754,-121,1152,753,46,1163,732,-202,1120,726,14,1120,725,-252,1097,719,-104,1107,720,-280,1090,719,-127,1106,724,-279,1093,723,-139,1110,725,-252,1096,722,-114,1183,661,-51,1155,666,51,1152,603,-117,1124,613,-49,1142,538,-43,1154,566,62,1145,529,-39,1164,558,73,1122,519,-107,1139,540,31,
1141,767,-96,1145,773,-102,1147,774,-102,1149,774,-102,1142,773,-85,1141,774,-85,1141,774,-85,1159,773,-90,1146,773,-11,1146,762,-89,1141,763,-66,1180,750,-121,1141,750,61,1139,735,-198,1106,730,5,1098,731,-230,1084,729,-169,1087,729,-257,1076,731,-197,1086,732,-255,1078,733,-205,1090,732,-229,1082,732,-179,1173,658,-57,1143,662,56,1140,604,-143,1107,612,-47,1143,536,-116,1122,549,7,1151,523,-117,1130,538,9,1119,517,-185,1095,531,-41,
1126,761,-91,1129,767,-99,1131,768,-99,1133,769,-99,1126,767,-81,1125,767,-81,1124,768,-81,1142,770,-95,1130,769,-9,1131,758,-87,1127,757,-62,1165,748,-129,1128,748,66,1133,736,-234,1098,736,50,1093,738,-293,1071,737,-90,1081,736,-323,1063,738,-111,1079,739,-321,1064,741,-118,1083,739,-293,1068,740,-100,1159,654,-61,1130,658,61,1129,599,-102,1093,610,-36,1142,536,-47,1091,541,8,1152,525,-45,1096,530,8,1119,518,-110,1063,529,-49,
1110,757,-88,1113,764,-96,1115,765,-96,1117,765,-96,1110,763,-76,1109,764,-76,1109,764,-76,1126,767,-94,1115,765,-5,1115,754,-84,1112,753,-58,1151,747,-129,1114,746,63,1119,737,-241,1083,737,20,1081,739,-287,1060,740,-151,1068,739,-316,1051,744,-175,1067,742,-311,1053,745,-186,1071,741,-286,1058,743,-161,1145,651,-59,1115,655,59,1118,595,-60,1081,603,-34,1140,537,41,1064,536,-3,1150,528,49,1068,523,-4,1116,516,-5,1032,528,-69,
1097,757,-105,1101,763,-111,1103,764,-111,1105,765,-111,1097,762,-94,1096,763,-94,1096,763,-94,1113,767,-101,1102,764,-18,1103,754,-98,1098,753,-74,1137,746,-132,1098,742,52,1112,742,-262,1067,736,5,1067,744,-325,1049,741,-161,1055,742,-357,1041,745,-188,1053,745,-350,1042,746,-200,1057,744,-323,1046,744,-172,1131,649,-57,1100,652,57,1109,593,-5,1069,597,-21,1133,540,139,1050,531,24,1141,533,151,1056,519,25,1118,516,94,1021,515,-42,
1085,754,-72,1088,761,-78,1091,762,-78,1093,762,-78,1084,760,-60,1084,760,-60,1083,760,-60,1101,764,-73,1089,761,11,1092,751,-67,1086,751,-42,1127,744,-104,1085,741,73,1103,740,-242,1054,736,22,1063,743,-299,1038,739,-133,1049,741,-341,1030,743,-158,1047,743,-325,1032,743,-169,1053,743,-305,1036,741,-143,1117,649,-55,1086,651,55,1095,593,-48,1055,599,-68,1122,544,73,1048,529,-37,1131,536,83,1055,518,-38,1111,514,32,1022,513,-105,
1074,752,-87,1078,758,-94,1080,759,-95,1082,760,-95,1073,758,-77,1072,758,-77,1071,758,-77,1090,762,-87,1077,759,-5,1080,749,-81,1074,749,-58,1116,742,-112,1072,740,58,1091,740,-233,1043,735,16,1053,741,-290,1025,735,-136,1041,738,-319,1017,738,-162,1039,740,-314,1020,740,-170,1043,740,-291,1023,738,-145,1103,648,-50,1072,650,50,1084,591,-13,1041,597,-72,1104,542,142,1048,529,-24,1111,537,155,1055,519,-23,1094,513,101,1023,512,-90,
1062,752,-78,1066,758,-86,1068,759,-86,1070,760,-86,1061,758,-68,1060,758,-68,1060,758,-68,1079,761,-80,1066,759,1,1069,749,-72,1063,748,-48,1104,740,-103,1062,740,63,1077,738,-224,1032,732,40,1041,738,-285,1014,733,-88,1031,734,-314,1003,735,-112,1029,737,-312,1007,736,-120,1032,737,-286,1012,734,-97,1089,647,-48,1058,649,48,1071,590,-40,1031,594,-54,1079,534,80,1046,531,50,1083,528,90,1053,521,57,1067,509,31,1020,511,-3,
1054,752,-81,1058,758,-86,1061,758,-86,1063,759,-86,1052,758,-71,1051,758,-71,1050,758,-71,1071,760,-65,1053,758,3,1060,748,-69,1052,747,-50,1092,739,-83,1049,739,73,1071,730,-198,1021,729,72,1031,737,-281,1004,733,-27,1018,734,-310,995,733,-47,1015,735,-309,999,734,-56,1021,735,-282,1003,734,-35,1077,646,-45,1046,648,45,1060,586,-63,1018,593,-49,1056,527,43,1037,533,59,1060,517,50,1045,524,67,1038,503,-28,1018,509,7,
1042,748,-62,1046,754,-67,1048,754,-67,1051,755,-67,1040,754,-51,1039,754,-51,1038,754,-51,1059,755,-49,1042,754,22,1048,743,-53,1041,743,-32,1081,735,-76,1037,734,89,1057,725,-180,1009,724,71,1014,731,-249,997,727,-50,1000,727,-276,987,728,-71,998,728,-273,991,728,-78,1004,728,-249,995,727,-59,1066,642,-45,1033,645,44,1048,584,-101,1004,593,-61,1034,522,-32,1031,535,47,1038,513,-28,1040,526,56,1015,501,-103,1017,512,8,
1030,740,-53,1034,747,-58,1036,747,-58,1038,748,-58,1029,746,-43,1027,747,-43,1026,747,-43,1046,750,-44,1030,747,25,1036,737,-45,1029,736,-25,1070,732,-68,1024,728,90,1046,720,-171,1001,716,99,1003,722,-248,990,719,14,991,718,-274,980,720,0,988,721,-273,983,720,-8,993,721,-248,988,719,7,1056,638,-42,1023,642,42,1037,578,-105,991,592,-93,1024,519,-12,1013,535,24,1027,510,-6,1019,528,35,1008,495,-80,997,509,-11,
1018,733,-50,1020,739,-55,1022,740,-55,1024,741,-55,1016,739,-40,1015,739,-40,1014,739,-40,1032,744,-45,1018,741,26,1023,731,-44,1018,730,-23,1058,727,-69,1012,722,85,1032,717,-173,989,710,77,991,717,-246,975,712,-31,978,713,-272,968,713,-48,976,715,-270,972,714,-58,980,716,-246,975,713,-39,1044,636,-41,1012,641,41,1026,580,-106,981,591,-88,1019,516,-33,992,529,7,1023,506,-29,999,519,14,1005,494,-106,968,505,-41,
1006,728,-85,1009,734,-89,1011,735,-89,1013,736,-89,1004,734,-75,1003,734,-75,1001,734,-75,1020,740,-69,1006,736,-1,1012,725,-74,1005,724,-54,1047,722,-71,1001,718,58,1021,713,-200,978,705,4,981,710,-279,967,704,-162,968,705,-308,959,704,-188,965,707,-306,962,705,-198,970,708,-279,966,705,-171,1035,631,-39,1000,636,39,1020,577,-77,969,585,-86,1018,515,14,963,522,-24,1022,507,17,969,510,-21,1008,494,-72,939,502,-92,
995,725,-170,998,732,-175,1000,732,-175,1003,733,-175,993,731,-162,991,731,-162,990,732,-162,1010,736,-144,993,733,-86,1001,722,-154,994,721,-138,1035,719,-137,988,716,-13,1010,705,-244,964,699,-65,967,703,-332,955,698,-235,956,699,-361,947,696,-264,953,700,-361,950,698,-274,957,701,-333,954,698,-243,1025,629,-31,990,634,31,1017,573,1,959,579,-110,1020,513,137,938,511,-84,1022,505,145,942,500,-86,1011,491,66,917,492,-178,
985,722,-165,988,729,-169,990,730,-169,992,730,-169,982,728,-156,981,729,-156,979,729,-156,1000,733,-140,982,731,-80,990,718,-150,983,718,-133,1024,717,-140,975,712,-9,1001,702,-249,951,695,-70,957,698,-339,944,693,-245,946,693,-370,937,691,-275,943,695,-370,940,693,-284,947,695,-340,943,693,-254,1014,626,-30,979,630,30,1014,569,-18,947,573,-89,1019,512,113,922,508,-34,1020,506,121,926,497,-35,1014,490,40,899,489,-119,
973,719,-166,977,726,-169,979,727,-169,982,727,-169,971,725,-157,969,726,-157,968,726,-157,989,729,-136,971,727,-82,979,716,-150,972,715,-134,1013,712,-138,964,709,-16,992,696,-251,941,691,-92,946,693,-342,935,690,-271,935,688,-373,926,687,-304,933,690,-372,931,688,-311,937,691,-343,934,689,-280,1004,623,-26,968,626,26,1009,567,28,939,569,-83,1017,515,188,917,505,-53,1018,509,199,922,494,-56,1014,492,124,896,484,-146,
963,715,-173,967,722,-176,969,722,-176,971,723,-176,961,721,-164,959,722,-164,958,722,-164,979,726,-144,960,724,-89,969,711,-157,961,711,-141,1003,708,-144,952,705,-25,981,691,-259,931,688,-89,938,691,-359,921,686,-255,926,686,-391,913,684,-286,924,688,-390,917,686,-295,928,689,-360,921,686,-265,994,620,-21,957,622,21,1005,568,-6,930,567,-91,1013,515,111,916,503,-34,1013,509,120,921,493,-34,1012,492,46,896,482,-118,
952,711,-160,956,718,-163,958,719,-163,961,720,-163,950,718,-151,949,718,-151,947,719,-151,968,722,-133,950,720,-75,958,708,-145,951,707,-129,994,706,-134,943,702,-13,970,690,-245,922,684,-66,926,687,-330,914,683,-216,914,683,-360,906,681,-243,911,685,-359,909,682,-251,915,686,-330,912,682,-224,985,620,-19,947,621,19,999,568,-89,922,564,-88,1007,512,22,916,503,9,1004,503,29,922,493,14,1011,489,-50,898,480,-60,
944,709,-178,947,715,-181,950,716,-181,952,717,-181,942,715,-169,941,715,-169,939,716,-169,959,721,-148,942,718,-95,949,706,-161,943,705,-146,985,705,-142,935,701,-31,958,689,-239,911,683,-86,913,685,-322,904,681,-227,902,680,-352,896,679,-253,900,682,-351,900,681,-261,903,683,-323,902,681,-236,976,621,-15,938,621,15,993,568,-104,917,563,-89,996,513,16,913,503,8,992,505,24,919,494,14,1000,489,-53,897,480,-61,
937,707,-168,940,714,-171,942,715,-171,944,716,-171,935,713,-161,933,713,-161,931,714,-161,951,720,-139,934,716,-89,942,705,-152,935,703,-138,977,704,-137,926,702,-26,953,685,-218,905,683,-60,906,683,-303,896,680,-160,896,678,-331,887,677,-181,893,680,-333,890,679,-191,896,681,-304,894,679,-168,970,621,-14,932,622,14,989,567,-109,911,566,-107,989,513,9,909,507,1,984,506,17,915,497,6,995,489,-59,896,482,-68,
928,702,-206,930,708,-212,932,709,-212,934,710,-212,925,706,-201,923,706,-201,921,706,-201,940,716,-183,923,711,-133,933,701,-191,926,699,-176,968,704,-170,917,699,-65,946,686,-264,897,680,-103,898,681,-356,886,676,-222,887,675,-386,876,674,-245,884,677,-385,881,676,-252,887,679,-357,884,677,-229,964,623,-14,926,623,14,982,567,-87,905,567,-108,986,514,58,902,508,11,982,507,70,906,501,20,992,488,-5,896,481,-55,
918,695,-307,920,701,-313,922,702,-313,924,703,-313,915,699,-303,913,699,-303,912,699,-303,930,709,-278,913,704,-230,923,695,-288,916,693,-274,959,702,-251,908,697,-152,941,680,-367,890,678,-236,892,679,-471,879,674,-399,882,673,-505,869,671,-429,878,676,-502,875,673,-434,881,677,-471,879,674,-406,958,623,-12,920,623,12,978,567,-85,899,565,-62,987,514,62,891,509,70,983,507,73,895,502,79,992,488,-7,881,482,1,
907,691,-336,909,698,-344,911,699,-344,913,700,-344,904,695,-332,903,695,-332,901,695,-332,919,707,-313,904,699,-256,913,691,-318,906,689,-302,949,700,-284,901,691,-174,934,678,-408,881,672,-261,886,675,-512,871,671,-424,876,669,-546,862,669,-454,872,672,-543,867,670,-459,875,673,-512,870,671,-432,952,621,-14,915,620,14,975,567,-91,893,562,-52,988,513,40,879,502,56,985,507,48,883,494,63,993,487,-44,865,480,-19,
900,685,-382,902,691,-391,904,692,-391,906,693,-391,897,689,-379,895,689,-379,893,689,-379,912,700,-352,895,694,-299,905,685,-361,899,683,-347,941,697,-318,892,688,-210,927,673,-462,874,670,-307,880,671,-586,861,668,-488,868,667,-624,850,667,-522,865,670,-619,854,668,-527,869,670,-586,859,668,-496,947,617,-15,908,616,15,974,565,-25,888,559,-65,987,514,150,871,497,37,984,507,162,872,488,43,993,488,73,857,474,-24,
893,682,-346,895,688,-354,897,689,-354,899,691,-354,891,686,-341,889,686,-341,888,686,-341,905,697,-322,890,691,-263,899,682,-328,893,679,-312,934,691,-296,888,681,-185,915,674,-435,865,668,-288,871,670,-542,854,666,-469,860,665,-578,845,665,-502,857,667,-573,848,666,-507,861,668,-542,852,666,-477,942,614,-14,903,611,14,969,565,-37,882,557,-68,985,513,103,866,492,30,982,507,113,870,483,36,993,488,65,853,471,-37,
886,673,-339,888,680,-348,890,681,-347,892,683,-348,883,678,-335,882,678,-335,881,678,-335,898,689,-321,882,683,-262,892,674,-324,886,671,-307,927,684,-298,881,675,-188,904,670,-427,857,663,-299,860,666,-514,837,663,-482,849,662,-547,833,664,-515,846,664,-540,836,665,-518,850,665,-513,841,663,-490,936,610,-14,897,607,14,963,561,-50,877,554,-68,980,512,99,865,493,35,979,506,109,869,485,41,983,487,27,854,470,-41,
881,669,-328,883,675,-336,884,676,-336,886,678,-336,878,674,-323,877,674,-323,876,674,-323,893,683,-312,878,679,-250,886,669,-314,881,667,-296,922,677,-288,877,671,-175,901,658,-406,851,659,-274,854,662,-485,830,659,-446,843,657,-516,825,659,-476,840,660,-511,828,661,-481,844,660,-484,831,660,-454,932,606,-15,894,604,15,956,559,-104,874,552,-69,971,508,23,865,492,34,969,503,30,870,483,40,975,485,-59,853,469,-42,
877,664,-336,878,670,-342,880,671,-342,881,672,-342,874,668,-329,873,668,-329,872,669,-329,887,677,-313,874,673,-255,882,664,-320,877,662,-304,918,673,-284,874,665,-182,897,653,-398,846,653,-269,848,657,-478,825,651,-425,836,652,-508,821,652,-453,833,655,-503,822,653,-457,837,655,-477,824,652,-432,927,603,-11,890,601,11,951,554,-111,871,551,-112,964,506,28,865,493,-4,960,499,36,870,484,1,975,485,-47,854,469,-83,
871,662,-329,872,668,-336,874,668,-336,875,670,-336,869,667,-323,868,667,-323,867,667,-323,881,675,-311,870,672,-249,876,662,-314,872,660,-296,912,668,-284,870,664,-168,889,646,-393,843,651,-250,842,650,-473,823,647,-374,830,647,-503,818,646,-398,827,649,-499,818,648,-405,832,649,-472,822,647,-381,924,602,-13,888,601,13,945,551,-72,868,551,-109,964,505,62,864,491,-9,962,498,70,870,482,-5,974,485,-13,851,469,-89,
866,659,-337,867,664,-345,869,665,-345,870,666,-345,863,664,-331,863,664,-331,862,665,-331,876,672,-320,865,670,-256,871,658,-323,866,657,-304,908,666,-293,866,663,-171,886,644,-407,840,648,-230,837,647,-490,822,647,-349,826,643,-520,813,645,-372,823,646,-516,813,646,-379,827,646,-489,818,648,-355,921,601,-17,886,600,17,942,549,-77,865,551,-113,966,505,59,864,492,-3,965,499,67,870,484,2,973,484,-18,853,469,-79,
862,655,-345,863,661,-352,864,662,-352,866,664,-352,859,660,-338,858,661,-338,857,661,-338,872,671,-325,860,667,-261,867,655,-330,863,654,-311,903,665,-301,862,660,-175,877,645,-423,835,647,-260,832,645,-505,814,646,-427,822,641,-537,807,642,-456,818,643,-530,809,644,-461,822,644,-503,813,645,-434,920,601,-22,885,600,22,938,549,-85,861,550,-112,966,504,52,864,491,3,966,499,60,870,482,9,972,482,-24,850,469,-75,
855,653,-332,856,659,-336,857,660,-336,859,661,-336,852,658,-325,851,658,-325,851,658,-325,865,668,-315,854,665,-247,860,652,-313,856,652,-296,896,663,-294,859,662,-166,867,639,-404,832,646,-217,824,642,-472,810,643,-351,815,638,-502,801,639,-376,812,641,-498,803,640,-385,816,642,-471,807,641,-359,917,602,-25,883,601,25,937,547,-79,858,551,-117,968,505,56,865,491,-4,968,500,64,871,483,1,973,483,-13,850,470,-75,
849,653,-326,851,660,-334,853,661,-334,854,662,-334,847,660,-320,847,660,-320,846,661,-320,861,667,-318,849,666,-248,854,652,-312,851,652,-293,890,661,-293,852,666,-162,859,632,-375,824,645,-219,817,635,-417,805,637,-371,808,630,-445,796,633,-401,804,633,-444,798,634,-414,808,635,-417,803,635,-382,912,602,-28,879,600,28,935,546,-80,855,551,-115,969,505,48,865,491,-3,970,502,55,872,483,2,974,482,-26,847,470,-72,
845,655,-360,847,662,-366,849,663,-366,851,664,-366,842,662,-354,842,662,-354,841,663,-354,859,669,-333,844,668,-273,851,653,-342,847,653,-325,886,660,-303,843,667,-176,858,627,-393,816,644,-243,814,626,-436,799,634,-411,804,622,-474,789,629,-442,800,627,-473,792,630,-452,804,628,-435,798,631,-420,909,603,-28,875,600,28,934,547,-90,851,550,-119,971,506,25,865,491,0,973,502,30,872,482,5,975,481,-59,846,470,-71,
839,657,-358,841,663,-364,843,664,-364,846,665,-364,836,663,-353,835,664,-353,833,664,-353,853,670,-327,836,670,-273,844,654,-338,839,654,-323,879,661,-294,832,668,-173,863,622,-375,805,641,-242,814,619,-435,793,627,-414,803,615,-467,786,621,-444,799,620,-464,789,623,-455,804,622,-434,793,624,-423,904,603,-29,870,600,29,933,547,-101,847,549,-94,972,506,-6,865,491,35,979,503,-3,873,483,43,976,481,-98,846,470,-27,
829,659,-350,832,665,-358,834,666,-358,836,667,-358,827,664,-343,826,665,-343,824,665,-343,844,671,-327,827,671,-261,835,656,-333,830,656,-314,873,661,-297,825,668,-164,865,614,-374,801,642,-229,814,611,-427,788,626,-404,801,608,-459,782,619,-434,800,614,-455,787,619,-444,804,616,-426,791,621,-413,900,603,-34,867,600,34,931,547,-120,844,549,-96,972,506,-18,866,492,34,979,504,-15,873,483,42,976,482,-112,846,471,-26,
820,659,-343,822,667,-350,825,667,-350,827,668,-350,817,666,-336,816,667,-336,815,667,-336,835,673,-324,817,671,-253,826,658,-326,821,657,-308,864,660,-287,816,668,-140,863,612,-327,796,642,-134,815,595,-372,785,620,-243,803,589,-402,780,612,-265,801,593,-404,784,613,-283,804,596,-373,787,615,-254,893,604,-35,861,601,35,926,548,-106,840,548,-110,971,506,-20,866,492,16,977,504,-18,874,483,26,977,481,-118,847,471,-36,
811,662,-366,814,670,-372,816,670,-372,819,670,-372,808,670,-359,807,670,-359,806,670,-359,827,673,-335,807,673,-276,818,658,-346,811,658,-330,855,662,-293,805,669,-154,866,617,-319,790,642,-88,816,583,-348,781,609,-109,817,570,-374,775,602,-117,804,574,-376,779,603,-141,812,580,-348,782,604,-119,884,606,-34,852,601,34,919,550,-93,838,548,-89,966,510,-7,866,492,36,970,507,-4,874,483,45,977,483,-99,848,471,-20,
803,665,-360,805,672,-362,808,672,-362,810,672,-362,800,672,-357,799,672,-357,798,673,-357,818,675,-321,799,675,-267,809,660,-336,803,660,-327,847,662,-278,796,670,-144,861,620,-270,786,643,-53,849,577,-268,780,603,-62,852,564,-284,773,595,-65,845,565,-292,775,594,-91,844,570,-270,778,596,-73,878,609,-36,845,601,36,907,553,-103,833,548,-92,956,513,-34,866,492,17,961,510,-32,874,484,25,970,483,-114,848,471,-34,
793,666,-367,796,673,-371,798,673,-371,800,674,-371,791,673,-360,790,674,-361,789,674,-361,808,677,-331,791,677,-278,800,661,-347,794,661,-332,841,663,-288,789,667,-151,864,622,-288,789,626,-75,867,579,-304,778,591,-104,871,566,-324,772,583,-111,864,565,-337,772,582,-141,862,570,-308,776,584,-117,870,611,-38,839,602,38,895,554,-101,829,546,-84,940,515,-13,865,493,24,947,513,-11,874,486,32,953,483,-98,847,471,-30,
785,665,-365,787,673,-363,789,673,-363,791,674,-363,783,672,-359,782,673,-359,781,673,-359,800,677,-315,784,676,-275,792,661,-338,787,661,-329,837,663,-256,782,667,-152,866,627,-241,785,626,-67,874,586,-263,778,592,-90,880,574,-280,772,583,-99,873,572,-295,773,582,-125,869,575,-268,776,585,-101,861,612,-35,830,602,36,882,555,-101,824,543,-108,922,515,-24,864,494,2,930,512,-23,875,487,9,927,482,-111,847,471,-53,
779,664,-361,781,672,-364,783,673,-364,785,674,-364,776,671,-355,775,672,-355,774,672,-355,794,678,-316,776,676,-272,786,660,-337,781,660,-325,829,665,-256,774,667,-149,869,638,-239,781,630,-25,874,591,-270,775,596,-8,879,577,-286,772,588,-8,873,576,-302,772,587,-33,870,580,-275,774,590,-17,850,613,-35,819,603,35,855,557,-201,815,543,-106,899,509,-149,861,496,2,909,505,-149,872,491,9,901,472,-246,846,471,-57,
773,662,-344,773,671,-349,775,672,-349,777,673,-349,769,670,-338,768,670,-338,767,670,-338,785,678,-306,770,674,-253,779,660,-322,775,658,-307,821,667,-245,770,664,-131,867,641,-229,779,630,-11,868,594,-264,777,601,-4,873,580,-284,774,593,-8,866,579,-304,774,593,-34,863,583,-271,776,596,-13,843,612,-36,812,602,36,848,557,-213,804,543,-118,882,491,-166,855,496,-22,889,484,-167,867,493,-17,875,461,-269,846,468,-86,
768,661,-372,768,670,-376,770,672,-376,772,673,-376,764,668,-366,763,668,-366,761,668,-366,780,678,-322,764,672,-275,775,659,-345,770,657,-332,813,667,-254,761,658,-138,857,639,-235,766,632,11,859,591,-267,769,619,78,868,575,-283,772,613,87,862,575,-300,771,617,69,859,580,-271,772,619,74,832,612,-36,802,602,37,836,557,-231,791,543,-123,864,481,-192,848,497,-31,875,471,-193,863,496,-26,850,451,-293,842,464,-95,
761,661,-370,762,670,-372,764,671,-372,767,673,-372,757,668,-364,755,668,-364,754,668,-364,774,678,-321,756,672,-279,767,659,-344,762,657,-333,806,666,-258,750,660,-164,840,633,-258,754,654,-93,832,585,-272,768,670,-66,836,569,-285,771,674,-72,829,569,-294,766,674,-88,827,575,-273,767,671,-74,825,610,-36,793,602,36,831,544,-134,780,540,-77,862,479,-111,836,501,79,873,470,-119,846,500,91,851,450,-210,831,466,39,
754,664,-424,756,673,-424,758,674,-424,761,675,-424,750,671,-414,748,670,-414,746,670,-414,768,679,-360,746,673,-316,761,661,-394,754,658,-382,797,664,-303,742,660,-187,822,623,-318,755,630,-113,806,581,-353,772,600,-137,803,567,-380,786,588,-150,795,568,-384,787,588,-173,796,574,-354,785,593,-146,817,602,-38,783,598,39,826,533,-92,765,539,-81,862,479,19,818,503,120,873,471,24,827,502,136,848,452,-77,808,470,76,
746,669,-291,747,676,-287,750,677,-287,752,678,-287,741,674,-282,739,673,-282,737,673,-282,757,680,-226,736,674,-200,751,665,-264,745,662,-257,782,664,-194,732,661,-102,797,622,-218,719,672,-40,772,584,-243,731,692,-1,771,572,-257,735,696,-4,764,573,-260,736,693,-9,765,578,-243,735,691,-3,808,598,-38,776,593,38,824,532,-92,752,540,-96,863,477,-31,800,502,32,872,470,-26,812,499,40,848,450,-122,784,470,-13,
732,672,-307,734,679,-319,737,679,-319,739,680,-319,728,677,-297,725,676,-297,723,676,-297,745,681,-278,722,677,-238,737,668,-298,730,665,-271,769,664,-236,719,660,-110,786,619,-252,716,655,1,757,587,-280,728,640,20,749,574,-286,731,631,21,742,579,-305,732,632,0,744,583,-283,732,634,12,800,595,-43,768,591,43,822,530,-88,738,540,-96,862,478,-8,776,494,35,873,470,-6,787,485,44,848,452,-104,750,468,-18,
715,673,-306,717,680,-305,719,681,-305,721,682,-305,711,678,-295,709,677,-295,707,677,-295,726,685,-243,706,679,-200,721,670,-279,715,668,-266,754,667,-205,703,660,-78,775,622,-226,710,631,-13,746,590,-290,714,595,-80,738,581,-290,714,583,-102,731,587,-312,714,584,-135,733,590,-293,716,588,-97,786,595,-43,755,589,43,816,532,-90,726,539,-119,862,477,-26,758,481,-15,873,471,-26,770,470,-8,850,451,-124,732,460,-82,
695,674,-297,697,682,-296,699,683,-296,702,684,-296,691,680,-286,689,680,-286,687,680,-286,707,687,-239,688,682,-192,701,671,-271,694,669,-258,736,672,-207,686,661,-68,760,623,-229,689,623,-1,739,590,-293,684,585,-76,738,581,-304,680,572,-100,728,584,-320,681,571,-124,727,587,-295,684,575,-95,773,596,-45,742,588,45,807,534,-81,715,537,-124,855,480,-23,745,473,-49,866,473,-23,757,462,-46,850,451,-120,714,453,-116,
675,677,-282,677,685,-280,679,686,-280,681,687,-280,671,683,-271,669,682,-271,667,682,-271,688,690,-224,670,684,-184,682,674,-257,675,671,-245,721,677,-202,671,659,-66,750,633,-212,667,617,-3,747,589,-268,651,583,-74,751,576,-293,645,570,-96,742,576,-308,647,568,-119,740,579,-273,650,574,-92,762,597,-47,732,586,47,793,534,-88,711,535,-84,847,482,-34,745,472,-14,857,474,-38,756,461,-8,848,451,-130,715,451,-74,
653,678,-263,655,686,-265,658,688,-265,660,689,-265,650,685,-253,649,685,-253,648,685,-253,668,692,-228,652,687,-174,661,675,-246,655,673,-230,705,678,-212,653,657,-74,742,638,-232,641,619,-24,755,589,-281,622,584,-94,764,576,-305,611,572,-111,756,574,-314,613,570,-140,751,577,-285,619,575,-110,747,597,-51,719,587,51,765,536,-143,704,532,-51,831,486,-120,744,472,44,844,484,-123,756,462,50,837,453,-215,713,451,-6,
653,677,-288,654,685,-292,657,686,-292,659,687,-292,650,684,-278,649,684,-278,648,684,-278,668,691,-249,652,686,-194,660,674,-271,655,672,-253,707,676,-246,653,658,-88,743,637,-270,639,621,-41,757,589,-307,621,584,-113,767,576,-335,610,573,-129,759,574,-350,613,572,-159,754,577,-313,619,577,-129,747,598,-54,719,588,55,763,536,-179,703,532,-43,829,489,-137,744,474,68,842,488,-138,758,463,76,833,453,-232,713,451,17,
629,677,-242,630,685,-248,632,686,-248,633,687,-248,627,684,-229,627,684,-229,627,685,-229,644,691,-234,635,687,-151,637,674,-235,634,672,-211,688,677,-245,643,658,-59,730,641,-279,617,622,-23,757,594,-317,592,586,-85,770,586,-345,579,575,-98,763,580,-360,582,574,-127,757,581,-325,588,579,-102,738,602,-59,710,589,59,741,535,-180,696,531,-60,809,494,-137,742,475,56,825,496,-138,756,465,69,810,459,-231,713,451,-5,
611,678,-238,613,686,-250,614,687,-250,616,688,-250,611,685,-228,611,686,-228,611,687,-228,626,691,-238,619,689,-160,618,674,-239,616,674,-210,673,676,-273,628,662,-65,725,648,-312,601,626,-16,756,604,-333,571,590,-50,770,597,-359,559,579,-56,765,591,-371,558,578,-82,759,592,-339,565,582,-64,721,603,-66,695,592,66,711,533,-160,690,530,-54,775,495,-38,741,475,51,791,497,-29,755,466,59,781,460,-85,715,450,8,
600,677,-201,600,685,-214,601,686,-214,602,687,-214,599,685,-191,599,686,-192,599,687,-192,611,691,-233,606,690,-133,606,674,-206,605,674,-177,659,676,-258,616,669,-53,714,655,-290,582,632,-19,748,618,-325,551,591,-52,764,613,-344,538,582,-53,763,608,-351,538,581,-79,756,609,-333,544,585,-65,707,603,-71,686,598,71,688,533,-130,679,531,8,746,483,-51,738,479,92,763,479,-46,745,475,98,730,455,-90,718,452,67,
584,678,-167,584,685,-180,585,686,-180,586,688,-180,583,685,-156,583,686,-156,583,687,-156,594,693,-196,590,691,-90,591,676,-171,589,675,-140,641,678,-220,598,671,-5,698,662,-256,564,642,37,733,628,-268,538,602,5,749,624,-288,526,592,4,748,621,-298,526,591,-18,742,619,-273,532,594,-7,692,603,-77,669,597,77,668,531,-142,655,533,6,729,483,-48,719,485,106,742,479,-39,730,482,114,715,455,-75,704,454,84,
569,682,-200,569,689,-210,570,690,-210,571,691,-211,567,689,-188,567,690,-189,567,690,-189,579,696,-211,572,694,-112,575,680,-196,573,680,-168,628,680,-219,580,671,-3,683,669,-251,550,644,84,716,634,-272,528,609,69,731,630,-292,517,600,70,729,626,-309,517,600,46,724,625,-279,522,602,57,675,603,-74,652,597,74,683,531,-114,639,535,-25,736,477,-27,687,482,51,749,470,-23,705,473,53,717,454,-100,663,452,-4,
551,685,-145,551,692,-157,552,693,-157,553,694,-157,549,691,-133,549,692,-133,549,693,-133,561,699,-165,555,697,-59,558,683,-145,555,682,-114,609,683,-182,565,675,47,664,671,-208,538,647,141,698,637,-221,520,615,129,712,633,-241,512,605,136,709,628,-252,513,605,111,703,628,-225,517,608,118,653,603,-76,637,597,76,623,533,-73,670,535,97,651,474,-3,720,479,166,662,463,0,734,471,169,623,450,-54,695,452,119,
536,687,-148,537,695,-156,538,696,-156,539,697,-156,534,694,-135,534,695,-135,534,695,-135,547,703,-146,540,699,-53,543,685,-141,541,685,-115,595,686,-152,547,675,48,649,673,-167,526,644,60,681,634,-172,513,613,-95,694,628,-188,506,604,-108,691,623,-200,509,604,-126,685,623,-174,512,607,-106,635,603,-74,619,597,74,609,532,-99,661,535,125,625,463,-73,721,482,213,634,450,-74,735,478,218,593,445,-148,705,452,163,
524,687,-168,524,694,-174,525,695,-174,527,697,-174,522,693,-155,522,694,-156,521,694,-156,534,702,-151,525,697,-72,531,685,-156,529,684,-133,582,687,-142,531,674,22,636,668,-138,523,636,-28,661,628,-131,512,613,-232,674,621,-141,506,603,-259,670,617,-157,506,602,-273,666,617,-134,510,605,-244,618,602,-73,599,595,73,594,527,-64,638,534,45,612,457,-12,708,493,100,622,445,-11,725,493,97,579,436,-80,704,459,34,
504,686,-109,503,694,-122,505,695,-122,506,697,-122,501,693,-97,501,694,-97,501,694,-97,516,702,-141,509,697,-32,512,685,-114,510,684,-82,565,686,-164,522,673,57,616,666,-181,525,631,130,634,617,-177,515,603,96,645,605,-195,507,593,93,639,603,-203,507,593,71,634,605,-179,512,596,84,600,599,-75,583,592,75,586,523,-69,611,530,74,612,456,-14,687,501,138,622,444,-12,700,504,141,583,434,-73,692,467,101,
486,686,-148,487,694,-161,488,695,-161,490,696,-161,485,693,-137,485,694,-137,484,694,-137,499,701,-168,492,697,-73,495,685,-153,492,684,-122,541,681,-222,512,672,22,594,654,-244,524,625,74,599,601,-230,515,589,33,606,587,-257,511,575,28,599,586,-256,512,573,2,595,590,-227,514,578,20,581,592,-74,564,588,74,579,519,-46,579,526,126,612,456,20,654,505,235,624,446,24,669,508,245,583,433,-33,654,472,222,
468,686,-218,469,693,-233,470,695,-233,472,696,-233,467,693,-208,467,693,-208,467,694,-208,482,699,-255,475,697,-142,477,684,-222,474,683,-189,527,674,-271,496,670,-46,573,639,-298,514,625,44,568,587,-303,513,590,18,573,573,-334,512,578,11,566,574,-339,512,577,-13,563,578,-304,514,581,5,565,584,-73,542,583,73,572,514,-18,549,519,128,611,459,111,617,505,300,620,449,119,631,507,316,586,435,47,613,478,285,
452,685,-118,451,692,-133,452,693,-133,453,694,-133,451,693,-108,452,693,-108,453,693,-108,460,696,-163,460,696,-51,459,682,-126,459,682,-94,503,670,-204,485,668,30,537,630,-198,505,624,73,522,590,-140,508,590,32,520,578,-156,513,578,25,517,581,-157,512,580,8,517,584,-138,512,584,22,553,585,-74,530,582,74,565,513,-53,513,521,90,606,461,38,573,504,262,619,451,45,585,501,279,582,434,-22,565,473,268,
433,682,-119,431,690,-135,432,690,-135,433,691,-135,431,691,-109,432,691,-109,432,691,-109,442,693,-168,441,695,-51,440,679,-129,439,679,-95,482,665,-210,471,667,40,517,624,-205,498,624,96,491,592,-110,498,589,76,486,582,-122,496,579,75,482,584,-121,498,580,57,484,588,-106,498,585,67,534,583,-79,526,584,79,560,511,-63,492,525,55,601,461,20,542,485,162,615,452,24,557,473,169,577,435,-41,515,459,154,
408,679,-96,408,686,-112,409,686,-112,409,686,-112,408,687,-85,408,687,-85,409,688,-85,418,688,-144,417,691,-21,416,676,-104,415,677,-69,455,663,-193,451,668,72,489,625,-222,487,625,120,468,594,-168,497,590,77,461,584,-178,498,580,73,457,587,-198,499,581,52,459,590,-175,498,585,66,512,581,-82,507,584,82,546,513,-58,473,526,13,602,461,29,498,464,78,613,452,34,543,454,81,579,434,-32,506,434,39,
391,676,-90,391,683,-105,392,684,-106,393,685,-106,390,683,-78,390,684,-78,391,685,-78,401,688,-135,399,689,-11,399,674,-98,398,674,-62,442,665,-183,430,668,82,474,624,-223,470,625,112,457,588,-174,486,589,41,453,576,-211,489,578,35,448,579,-214,488,578,14,450,583,-189,488,583,29,496,584,-83,489,585,83,458,520,-49,523,521,69,469,448,20,579,466,114,476,433,24,597,460,115,438,431,-41,568,434,64,
373,675,-98,371,682,-115,372,683,-115,373,683,-115,371,682,-87,372,683,-87,372,683,-87,381,686,-151,381,687,-26,381,674,-109,380,673,-72,417,666,-204,414,668,68,435,617,-233,443,626,103,447,580,-180,461,589,43,450,568,-204,467,575,42,446,568,-200,462,576,18,446,572,-179,463,580,31,478,583,-84,466,582,84,496,514,-47,446,517,103,560,470,28,452,440,161,573,469,32,463,425,163,547,432,-30,424,417,124,
352,673,-88,349,680,-105,349,681,-105,349,681,-105,349,680,-78,349,680,-78,349,681,-78,355,686,-145,355,686,-25,358,673,-101,359,673,-66,399,671,-206,386,668,63,434,624,-251,418,626,108,450,575,-229,439,587,77,455,560,-256,444,574,80,449,559,-247,440,573,57,447,563,-224,440,576,66,454,584,-83,444,583,83,440,512,-113,434,515,49,536,482,-56,451,437,101,553,487,-51,464,425,103,542,440,-88,427,417,66,
331,674,-108,332,681,-123,333,682,-123,334,682,-123,330,681,-97,330,681,-97,331,682,-97,343,687,-152,339,687,-36,339,674,-116,337,673,-82,385,671,-198,362,666,55,419,627,-243,390,626,116,442,577,-241,400,588,83,451,565,-268,402,575,84,446,562,-266,400,574,57,443,566,-239,401,577,71,429,585,-82,418,583,82,423,510,-137,419,513,25,503,489,-50,453,439,85,515,495,-43,464,428,88,507,444,-83,432,416,39,
316,675,-49,316,682,-60,316,682,-60,317,683,-60,315,681,-37,316,682,-37,317,683,-37,325,687,-83,325,687,23,323,674,-56,323,673,-26,364,671,-133,348,667,96,406,628,-171,326,678,169,432,582,-146,284,716,198,442,568,-158,279,718,202,438,568,-163,278,717,193,434,572,-146,280,715,192,406,583,-83,403,581,83,393,507,-125,409,507,41,462,489,-33,452,444,109,478,496,-15,461,434,115,469,456,-5,445,416,54,
295,678,-111,295,686,-117,296,687,-117,297,688,-117,293,685,-96,293,685,-96,293,685,-96,305,689,-110,300,687,-6,303,677,-107,301,675,-79,344,673,-164,329,663,72,358,669,-242,355,633,165,350,647,-270,366,590,64,349,641,-301,369,577,54,345,640,-295,369,576,27,346,642,-269,369,582,50,394,584,-82,375,581,82,410,509,-93,357,517,-22,438,461,2,422,480,85,451,455,9,432,474,93,421,430,-59,411,447,42,
284,677,-176,283,685,-184,284,685,-184,285,686,-184,281,684,-160,281,684,-160,281,684,-160,294,688,-184,290,687,-72,292,675,-174,291,674,-141,337,668,-204,316,663,18,374,655,-293,281,685,83,399,619,-336,229,709,55,410,609,-363,221,709,46,405,608,-368,221,709,27,400,611,-339,224,709,43,388,582,-80,366,580,80,408,510,-130,330,529,-14,441,452,-67,386,478,106,450,443,-67,400,470,114,419,429,-157,362,448,69,
258,679,-52,256,686,-66,257,687,-66,258,688,-66,255,686,-42,256,686,-42,256,687,-42,267,691,-95,266,690,14,266,678,-59,265,677,-28,300,681,-133,288,675,82,350,660,-191,255,685,148,383,623,-204,208,703,154,394,613,-217,214,693,154,390,610,-225,215,694,138,384,611,-207,200,704,144,360,586,-78,344,583,78,395,519,-69,311,531,-9,436,457,-20,351,474,55,445,449,-21,392,465,58,419,430,-106,340,445,7,
241,681,-64,240,689,-79,241,690,-79,242,691,-79,240,689,-54,240,690,-54,241,690,-54,252,694,-107,251,694,6,249,680,-71,249,679,-39,284,681,-151,281,676,90,333,662,-204,281,671,156,366,629,-202,270,648,135,376,618,-222,267,638,134,370,615,-222,268,638,110,366,617,-200,268,640,122,339,587,-78,337,585,78,306,531,-21,376,529,27,321,458,54,424,472,76,332,450,58,440,463,77,300,441,-4,405,448,27,
222,683,-90,222,691,-110,223,691,-110,224,692,-110,222,691,-82,223,691,-82,224,692,-82,235,696,-146,234,695,-22,230,681,-101,229,681,-64,272,680,-183,256,677,74,316,663,-255,230,673,171,346,633,-287,190,674,215,356,623,-309,178,670,227,352,620,-310,179,669,203,349,622,-287,184,669,205,328,587,-81,310,585,81,361,527,-49,280,529,50,420,471,20,295,465,144,432,468,22,304,450,150,409,440,-72,258,446,104,
207,682,-164,207,690,-179,208,691,-179,208,692,-179,207,690,-154,207,691,-154,207,691,-154,217,695,-194,214,695,-81,213,681,-166,213,681,-134,252,680,-218,234,675,41,301,664,-271,217,668,206,331,629,-293,182,663,298,339,619,-314,176,659,320,334,616,-317,176,658,295,330,618,-293,179,659,290,306,585,-84,291,584,84,340,526,-58,270,524,47,416,491,-4,277,455,130,429,494,-1,287,438,136,415,456,-83,244,446,79,
188,680,-138,188,688,-153,189,689,-153,189,689,-153,189,689,-128,190,690,-128,190,691,-128,198,692,-181,199,694,-71,195,678,-144,196,677,-112,230,673,-214,218,672,27,279,660,-265,211,658,176,307,625,-275,181,640,268,315,614,-293,176,637,288,309,611,-295,179,635,267,305,613,-275,181,635,261,278,583,-84,273,582,84,295,525,-5,296,523,108,347,490,86,343,470,183,361,491,94,358,465,188,339,459,48,328,448,149,
173,679,-172,173,687,-190,174,687,-190,174,688,-190,173,688,-165,173,688,-165,174,689,-165,183,689,-219,183,690,-107,180,675,-178,180,675,-146,216,665,-242,205,666,-11,258,640,-319,215,634,165,276,606,-388,192,619,286,280,595,-418,186,613,304,274,596,-421,188,616,285,273,598,-390,190,617,280,262,571,-83,257,575,83,291,526,90,267,516,229,352,511,258,300,469,406,364,517,275,312,463,423,336,475,227,261,441,389,
163,675,-18,167,683,-37,167,683,-37,167,684,-37,168,685,-12,169,686,-12,169,687,-12,171,684,-89,174,686,21,172,671,-33,173,672,-1,189,659,-157,202,666,89,213,617,-214,224,628,147,221,586,-218,224,589,135,224,578,-239,223,583,143,221,579,-230,222,584,124,223,583,-215,223,585,125,243,568,-85,250,574,85,237,508,-16,260,517,142,279,454,32,321,507,241,292,445,36,333,510,250,256,438,11,320,480,231,
172,663,-23,173,668,-40,173,668,-40,173,668,-40,174,670,-24,174,670,-24,175,671,-24,178,666,-83,181,670,-7,177,662,-35,177,659,-14,184,637,-130,204,658,64,192,589,-118,217,611,90,193,574,-65,209,582,88,196,566,-76,205,574,94,198,572,-70,203,577,76,198,573,-62,205,579,80,225,561,-78,239,572,78,221,501,-49,242,523,150,273,452,3,289,499,262,284,446,10,303,499,274,257,432,-4,297,480,274,
169,659,12,168,665,-1,168,665,-1,169,665,-1,169,665,11,170,665,11,171,665,11,174,662,-31,175,664,26,171,656,6,172,655,22,178,643,-70,194,648,81,198,609,-147,208,607,92,188,605,-87,200,583,115,185,609,-135,199,577,102,185,616,-181,196,578,112,187,614,-105,196,579,86,217,561,-61,221,562,61,220,496,-34,224,503,86,272,451,22,271,460,146,284,444,28,283,452,151,247,431,0,253,442,127,
171,629,142,179,633,135,180,633,135,180,633,135,182,630,145,183,630,145,183,630,145,183,632,109,185,633,154,181,626,133,173,626,146,178,627,41,194,623,159,178,610,-42,201,593,173,161,607,-98,191,572,182,156,608,-115,190,568,188,156,613,-105,186,568,180,158,613,-96,186,569,177,200,558,-54,215,557,54,215,493,-65,216,502,59,272,451,-105,262,461,34,286,444,-110,277,452,30,250,431,-137,248,440,11,
178,622,25,170,621,8,170,622,8,171,622,8,169,620,38,169,620,38,169,620,38,175,624,-21,172,622,82,182,617,11,182,616,48,186,616,-64,185,612,72,186,605,-148,191,599,146,179,609,-277,177,575,208,170,608,-299,174,593,224,168,612,-291,172,594,212,169,611,-277,173,590,205,206,539,-54,210,538,54,218,492,-56,220,500,72,271,451,-33,259,461,107,282,445,-31,267,456,111,255,430,-64,253,443,93,















