



































































1415,820,-215,1418,828,-215,1420,828,-215,1422,829,-215,1414,827,-201,1413,826,-201,1412,826,-201,1429,828,-179,1416,826,-116,1420,816,-199,1416,815,-181,1444,797,-145,1414,797,-31,1464,775,-168,1405,776,0,1467,751,-210,1387,778,-64,1469,743,-228,1383,776,-70,1466,742,-233,1382,777,-93,1465,749,-213,1384,777,-77,1447,753,-35,1428,743,35,1444,770,-171,1414,707,-34,1460,704,-131,1437,651,32,1462,695,-129,1442,642,36,1471,686,-200,1418,631,-34,
1401,821,-188,1404,828,-181,1406,828,-181,1407,828,-181,1401,827,-173,1400,826,-173,1399,826,-173,1414,827,-130,1403,825,-91,1406,817,-167,1402,816,-156,1435,798,-126,1393,796,-5,1458,780,-155,1379,762,19,1461,749,-206,1365,736,-53,1463,740,-228,1357,724,-63,1457,739,-233,1359,723,-87,1454,742,-209,1362,726,-66,1422,737,-44,1408,733,44,1396,722,-138,1403,704,-1,1414,673,-93,1429,657,51,1413,655,-90,1439,648,54,1404,648,-148,1420,633,4,
1385,821,-228,1389,827,-223,1390,827,-223,1393,827,-223,1384,826,-215,1383,826,-216,1383,826,-215,1399,825,-170,1385,825,-135,1389,817,-207,1384,816,-196,1420,799,-152,1372,796,-51,1446,780,-163,1360,762,-10,1443,745,-216,1349,736,-67,1445,736,-241,1344,726,-80,1439,736,-250,1345,725,-104,1437,738,-221,1348,728,-78,1404,733,-43,1383,733,43,1375,709,-147,1391,698,103,1376,661,-95,1425,660,224,1378,652,-91,1435,658,234,1370,629,-161,1421,635,184,
1369,821,-185,1373,826,-181,1375,826,-181,1377,826,-181,1369,826,-172,1369,826,-172,1368,826,-172,1383,824,-138,1370,825,-99,1373,816,-168,1368,816,-157,1403,799,-114,1354,796,-49,1425,776,-103,1342,760,-6,1422,742,-126,1334,735,-60,1424,732,-143,1329,724,-77,1418,734,-150,1330,724,-91,1416,736,-129,1333,728,-68,1386,730,-40,1366,732,40,1353,702,-167,1376,690,99,1343,651,-106,1414,667,239,1344,641,-100,1423,673,251,1322,641,-180,1421,642,208,
1351,818,-196,1355,822,-193,1357,822,-193,1359,822,-193,1352,823,-182,1351,823,-182,1350,823,-182,1365,821,-150,1352,822,-111,1355,813,-178,1350,814,-164,1386,796,-118,1334,796,-57,1407,769,-92,1324,760,-41,1400,737,-102,1319,732,-102,1401,727,-113,1315,723,-119,1395,728,-123,1317,723,-134,1394,731,-105,1319,727,-109,1368,730,-37,1348,731,37,1336,693,-124,1355,683,83,1319,641,-70,1398,675,230,1320,630,-67,1404,682,245,1298,639,-136,1408,652,215,
1332,815,-189,1337,820,-190,1338,820,-190,1340,820,-190,1334,820,-180,1333,820,-180,1332,821,-180,1346,817,-159,1335,819,-115,1336,811,-177,1332,811,-163,1369,790,-135,1316,793,-54,1387,758,-122,1306,757,-25,1373,729,-128,1299,727,-97,1370,717,-141,1294,716,-111,1367,719,-149,1297,715,-119,1367,723,-130,1300,720,-96,1348,726,-38,1326,728,38,1321,681,-82,1323,678,73,1338,649,1,1339,649,163,1344,646,7,1344,644,171,1328,629,-28,1327,634,131,
1332,815,-194,1335,819,-194,1337,819,-194,1338,819,-194,1332,819,-183,1332,819,-183,1331,819,-183,1344,817,-165,1334,818,-126,1336,809,-180,1332,810,-165,1367,789,-140,1316,792,-61,1386,757,-130,1305,757,-26,1374,727,-146,1300,728,-80,1373,716,-161,1294,717,-91,1368,717,-169,1296,716,-100,1368,722,-149,1299,721,-81,1348,726,-39,1326,728,39,1322,682,-74,1322,679,97,1331,643,-40,1337,642,182,1338,638,-39,1344,635,189,1318,627,-92,1320,627,155,
1313,813,-192,1317,819,-194,1319,819,-194,1321,818,-194,1313,818,-183,1311,818,-183,1310,817,-183,1327,815,-171,1313,815,-122,1317,807,-181,1312,808,-166,1349,784,-151,1298,788,-57,1365,748,-157,1288,752,-22,1346,723,-175,1281,724,-76,1341,713,-193,1276,712,-87,1337,717,-196,1277,712,-102,1338,721,-175,1279,717,-81,1331,720,-38,1307,722,38,1307,673,19,1299,672,24,1345,664,182,1293,622,75,1352,671,197,1297,613,77,1343,634,173,1273,611,25,
1295,807,-214,1299,812,-211,1301,812,-211,1303,811,-211,1295,812,-202,1294,812,-202,1293,812,-202,1309,809,-174,1296,810,-131,1299,801,-198,1294,802,-186,1328,778,-153,1282,783,-63,1338,740,-163,1272,746,-35,1317,716,-196,1261,718,-94,1312,707,-217,1253,706,-109,1308,709,-223,1255,706,-129,1309,713,-198,1258,709,-103,1313,716,-38,1290,719,38,1287,675,-116,1276,671,25,1297,632,5,1304,623,163,1297,622,15,1310,630,176,1291,614,-58,1293,616,136,
1274,800,-216,1277,805,-215,1279,805,-215,1280,805,-215,1274,805,-206,1274,805,-206,1273,805,-206,1286,804,-179,1276,804,-135,1278,796,-200,1274,795,-188,1304,779,-160,1263,777,-63,1308,740,-186,1253,740,-31,1289,711,-243,1242,711,-85,1283,702,-266,1236,702,-98,1278,705,-273,1236,701,-118,1279,709,-246,1240,705,-95,1292,712,-41,1271,714,41,1277,668,-96,1252,671,82,1290,621,-44,1280,636,234,1297,613,-44,1285,630,247,1271,610,-114,1270,621,221,
1253,798,-168,1256,803,-171,1257,803,-171,1259,804,-171,1253,803,-159,1253,803,-159,1252,803,-160,1265,803,-155,1257,803,-101,1257,794,-159,1254,793,-144,1285,776,-154,1246,777,-35,1281,735,-169,1236,742,-4,1254,709,-205,1224,711,-50,1250,702,-220,1216,700,-61,1248,704,-225,1217,699,-78,1249,707,-207,1221,703,-59,1277,709,-41,1254,712,41,1269,660,-80,1228,674,-35,1288,620,-6,1244,630,53,1295,613,-3,1250,623,59,1268,608,-60,1229,615,16,
1232,797,-162,1235,801,-165,1236,802,-165,1237,802,-165,1232,801,-153,1232,801,-153,1232,801,-154,1244,802,-147,1237,801,-92,1236,793,-152,1233,792,-136,1266,775,-144,1226,775,-25,1259,744,-205,1216,739,7,1233,750,-272,1201,703,-36,1226,751,-294,1194,694,-44,1227,755,-289,1195,693,-63,1229,754,-271,1199,696,-45,1257,706,-41,1233,709,41,1255,654,-15,1206,672,-42,1284,625,96,1206,622,26,1291,620,105,1211,611,31,1274,607,49,1188,611,-26,
1212,795,-132,1214,800,-137,1215,800,-137,1216,800,-137,1212,799,-125,1212,799,-125,1211,799,-125,1223,800,-121,1217,799,-67,1215,791,-124,1212,790,-109,1244,777,-119,1208,774,-6,1232,747,-180,1198,740,18,1212,746,-235,1181,708,-27,1208,744,-255,1171,700,-36,1208,746,-256,1172,695,-53,1209,747,-236,1177,700,-35,1238,704,-40,1217,707,40,1238,653,-12,1188,665,-4,1276,628,89,1174,612,41,1284,626,98,1177,602,43,1266,606,49,1156,606,-11,
1190,790,-109,1193,795,-117,1194,795,-117,1195,795,-117,1191,795,-102,1191,795,-102,1191,795,-102,1202,794,-117,1197,794,-48,1194,786,-106,1191,786,-87,1222,776,-126,1190,771,20,1195,737,-136,1177,738,46,1171,714,-118,1156,710,-2,1166,707,-131,1147,699,-8,1164,708,-135,1147,697,-27,1166,710,-118,1151,701,-11,1219,699,-43,1199,701,43,1216,645,-15,1169,656,0,1260,634,126,1154,603,32,1269,633,140,1156,592,31,1256,610,117,1132,604,-14,
1169,782,-120,1171,787,-128,1172,787,-128,1173,787,-128,1169,786,-113,1169,786,-113,1169,786,-113,1181,787,-127,1176,786,-56,1173,778,-116,1171,777,-96,1202,772,-131,1171,763,16,1176,732,-143,1154,733,46,1147,714,-134,1130,709,-4,1140,708,-149,1122,700,-11,1140,710,-151,1123,700,-30,1143,713,-134,1127,703,-13,1202,693,-45,1183,696,45,1194,639,-20,1155,650,8,1236,634,120,1144,595,22,1244,637,134,1150,585,21,1234,610,119,1123,585,-24,
1148,774,-140,1149,780,-147,1150,780,-147,1151,780,-147,1148,779,-132,1148,780,-132,1149,780,-132,1158,780,-148,1156,780,-73,1152,770,-136,1150,770,-115,1181,761,-163,1152,759,1,1155,721,-185,1132,731,31,1125,706,-171,1108,710,-22,1114,700,-192,1099,702,-30,1112,703,-186,1099,702,-50,1116,706,-165,1104,705,-32,1184,688,-47,1166,691,47,1166,638,-8,1137,646,-39,1206,629,154,1141,593,-12,1215,636,170,1148,583,-12,1206,605,156,1120,579,-60,
1128,770,-118,1130,775,-124,1131,775,-124,1132,776,-124,1128,775,-109,1128,775,-109,1128,775,-109,1139,776,-116,1134,775,-50,1132,766,-113,1130,766,-94,1163,758,-133,1131,756,11,1143,720,-174,1109,731,14,1110,710,-177,1086,711,-82,1099,706,-199,1079,708,-98,1097,709,-188,1080,710,-114,1101,711,-169,1083,710,-92,1168,688,-46,1148,690,46,1137,644,-29,1120,645,-82,1173,618,99,1139,593,-40,1183,620,111,1148,584,-38,1166,593,84,1118,577,-90,
1108,766,-63,1110,771,-72,1111,772,-72,1112,772,-72,1108,771,-54,1108,771,-54,1108,772,-54,1119,773,-85,1114,773,-6,1112,762,-66,1110,762,-44,1145,754,-120,1114,756,41,1125,720,-157,1091,731,14,1090,714,-143,1067,717,-101,1078,707,-161,1059,716,-116,1078,713,-155,1060,718,-127,1081,713,-139,1064,718,-110,1148,687,-55,1131,691,55,1109,643,-121,1105,646,-3,1140,598,-98,1135,600,56,1148,591,-95,1143,592,61,1121,579,-117,1121,582,46,
1089,764,-83,1090,769,-93,1091,770,-93,1092,770,-93,1089,769,-74,1089,769,-74,1089,770,-74,1099,771,-104,1095,771,-22,1093,761,-86,1092,760,-62,1127,752,-123,1096,754,30,1104,720,-174,1071,731,-7,1072,714,-159,1048,725,-131,1061,713,-178,1041,726,-148,1065,723,-173,1042,728,-157,1069,722,-157,1046,727,-140,1128,682,-55,1112,686,55,1093,634,-101,1092,636,15,1123,594,-24,1108,590,93,1135,593,-16,1117,584,99,1116,575,-40,1092,573,73,
1071,762,-72,1072,767,-83,1073,768,-83,1074,768,-83,1071,767,-64,1071,767,-64,1071,768,-64,1081,769,-96,1077,768,-13,1075,759,-76,1073,759,-52,1108,752,-120,1078,753,39,1084,721,-156,1053,732,-3,1056,727,-122,1031,730,-127,1048,731,-134,1023,732,-143,1050,736,-129,1024,734,-150,1054,735,-118,1028,733,-135,1109,681,-52,1091,684,52,1077,632,-104,1073,633,16,1117,603,-21,1070,582,78,1128,605,-13,1084,576,81,1114,575,-36,1051,572,48,
1052,760,-32,1054,764,-42,1055,765,-42,1055,765,-42,1053,764,-23,1053,765,-23,1053,765,-23,1063,766,-59,1059,766,23,1056,756,-37,1055,756,-13,1088,750,-86,1062,750,71,1070,721,-124,1036,732,32,1050,739,-101,1014,732,-103,1044,746,-110,1005,734,-123,1051,751,-106,1006,735,-101,1049,746,-98,1010,734,-99,1087,676,-51,1074,680,51,1055,625,-86,1055,628,24,1071,582,-32,1077,587,72,1078,578,-28,1086,582,76,1058,559,-62,1067,568,48,
1034,756,-73,1035,761,-82,1036,761,-82,1037,762,-82,1033,761,-64,1033,761,-64,1033,761,-64,1046,762,-91,1040,762,-8,1038,752,-74,1037,751,-50,1071,747,-90,1044,747,53,1043,718,-163,1016,729,12,1009,733,-135,993,731,-132,999,734,-149,984,733,-149,997,739,-145,986,734,-154,1005,738,-132,990,733,-139,1070,670,-53,1051,674,53,1039,617,-101,1030,622,-17,1075,597,19,1037,562,38,1087,597,33,1044,553,42,1070,569,26,1016,548,6,
1016,753,-58,1016,758,-69,1017,759,-69,1018,759,-69,1015,758,-49,1015,758,-49,1015,759,-49,1027,760,-86,1022,759,3,1020,749,-62,1018,748,-37,1052,745,-110,1026,745,59,1023,713,-166,998,726,25,987,733,-135,972,730,-109,976,731,-156,963,733,-121,979,735,-154,964,734,-141,982,737,-139,968,733,-117,1049,666,-56,1034,670,56,1016,617,-108,1008,621,4,1039,572,-30,1037,569,85,1051,572,-22,1041,555,91,1033,549,-46,1016,551,67,
996,750,-71,997,755,-80,998,756,-80,999,756,-80,996,755,-61,996,756,-61,996,756,-61,1008,757,-94,1003,756,-8,1000,746,-74,999,745,-49,1036,743,-118,1006,740,47,1005,713,-177,977,724,51,963,728,-184,950,729,-25,953,729,-205,940,731,-36,954,734,-200,940,733,-50,959,732,-182,945,732,-35,1035,664,-56,1013,667,56,1007,615,-125,980,622,0,1029,562,-71,1009,576,100,1043,553,-67,1017,568,109,1008,544,-117,997,553,86,
976,747,-39,978,753,-49,979,753,-49,980,754,-49,976,753,-29,976,753,-29,976,753,-29,988,754,-68,984,754,24,981,743,-44,979,742,-17,1017,740,-110,988,737,81,984,708,-170,957,724,56,951,720,-155,934,729,-52,940,722,-173,924,730,-66,939,727,-167,924,731,-76,945,725,-151,928,730,-61,1016,659,-58,995,662,58,989,611,-112,960,622,-29,1023,566,-41,973,562,40,1033,561,-35,981,552,44,1009,542,-77,948,547,6,
957,744,-42,958,749,-51,959,750,-51,961,750,-51,957,749,-31,957,750,-31,957,750,-31,970,751,-62,965,751,25,961,739,-44,959,739,-19,998,737,-102,969,735,84,965,707,-166,939,720,42,929,717,-155,915,727,-100,917,721,-173,906,729,-118,917,725,-166,906,730,-127,922,723,-151,910,729,-109,998,656,-57,976,659,57,968,608,-91,944,615,-61,1009,572,33,940,553,-19,1020,570,45,946,541,-18,1003,542,14,914,539,-70,
941,738,-24,942,745,-34,943,745,-34,944,745,-34,941,745,-15,941,745,-15,941,746,-15,950,746,-49,947,746,35,944,735,-28,943,735,-4,977,733,-92,954,731,93,941,705,-137,923,716,51,907,715,-104,903,722,-77,894,717,-117,894,726,-88,896,721,-109,894,727,-94,902,720,-98,900,729,-83,979,651,-58,963,653,58,938,607,-111,930,607,-22,987,573,-26,919,543,13,1000,573,-16,927,531,13,979,543,0,894,529,-24,
922,734,-36,924,739,-44,925,740,-44,926,740,-44,922,739,-27,922,740,-27,922,740,-27,934,741,-53,928,741,25,926,730,-38,924,730,-15,961,728,-89,931,726,77,926,701,-142,904,712,25,892,710,-127,881,716,-117,881,713,-142,873,721,-134,881,717,-135,874,722,-139,886,715,-122,878,720,-124,963,647,-58,944,649,58,916,606,-122,908,603,-42,950,564,-38,921,544,5,964,559,-29,930,533,8,940,540,-41,896,527,-28,
904,729,-21,906,736,-29,907,736,-29,908,737,-29,904,736,-11,904,736,-11,904,736,-11,916,738,-43,911,737,36,908,726,-25,906,725,-2,943,723,-89,914,720,81,914,690,-138,889,706,17,874,707,-109,865,712,-132,864,711,-122,858,718,-151,865,715,-114,859,719,-152,868,716,-104,862,717,-138,945,643,-59,926,645,59,897,602,-120,893,601,-34,918,545,-89,915,544,2,928,535,-86,923,533,4,893,528,-110,891,529,-25,
886,727,-34,888,733,-40,889,733,-40,890,734,-40,887,733,-24,887,733,-24,887,733,-24,898,735,-60,894,735,27,890,723,-26,889,723,-8,927,718,-108,897,717,64,893,686,-160,866,701,-6,858,702,-123,847,707,-150,848,705,-136,840,712,-169,848,710,-118,842,713,-171,853,708,-115,847,710,-156,928,639,-58,909,642,58,879,594,-105,876,593,-29,901,538,-49,880,534,12,911,531,-43,880,521,13,881,518,-70,851,528,-23,
870,722,-43,871,728,-54,872,728,-54,873,728,-54,870,728,-35,871,729,-35,871,729,-36,881,729,-75,877,730,11,874,718,-43,873,718,-20,908,712,-113,883,715,64,868,687,-159,854,699,8,839,698,-123,832,703,-122,828,700,-136,822,706,-138,829,707,-127,823,708,-146,833,705,-117,830,708,-129,907,633,-57,891,638,57,862,585,-76,859,587,-27,899,549,46,849,522,17,909,547,59,852,510,20,887,520,42,823,520,-15,
855,717,-61,856,723,-72,857,724,-72,858,724,-72,854,723,-52,854,724,-52,854,724,-52,866,726,-89,861,726,0,860,714,-64,857,713,-38,894,709,-123,866,711,59,855,679,-170,838,696,33,818,694,-158,808,701,-60,806,697,-176,798,704,-71,806,701,-168,799,706,-81,810,700,-154,803,704,-68,891,628,-57,873,633,57,843,583,-83,840,582,-36,878,552,84,841,517,20,891,552,102,849,507,23,870,520,102,812,501,-14,
839,712,-69,840,717,-81,841,718,-81,842,718,-81,838,718,-61,838,718,-61,838,719,-61,850,721,-102,845,721,-13,843,708,-74,842,708,-49,878,706,-140,851,710,42,838,677,-188,820,693,37,800,690,-189,786,699,-39,786,694,-212,777,703,-48,787,698,-204,777,705,-61,792,697,-186,782,703,-48,874,625,-58,856,630,58,828,583,-119,818,585,5,844,525,-37,847,528,90,856,518,-28,856,522,98,820,504,-43,835,506,80,
821,708,-83,822,713,-94,823,714,-94,825,714,-94,820,714,-74,820,714,-74,820,715,-74,833,715,-116,827,717,-27,826,704,-89,824,705,-63,860,700,-156,836,710,27,823,673,-211,806,694,15,784,686,-204,776,695,-42,771,689,-225,765,697,-70,771,693,-217,766,698,-79,775,691,-200,770,696,-62,859,622,-60,840,629,60,810,583,-127,800,583,-11,829,519,-83,820,526,65,839,508,-79,827,517,68,802,502,-102,795,509,32,
803,705,-83,804,711,-94,805,711,-94,806,711,-94,803,711,-74,803,712,-74,803,712,-74,815,713,-115,811,714,-25,808,701,-89,806,702,-63,843,695,-155,818,706,28,807,670,-213,785,693,11,767,681,-206,754,691,-75,755,682,-228,744,692,-90,754,686,-221,745,692,-107,758,686,-203,749,691,-90,846,619,-59,827,626,59,795,581,-121,788,580,-35,818,518,-68,804,520,15,828,509,-63,808,510,18,795,499,-84,777,503,-12,
787,700,-83,787,705,-94,788,705,-94,789,705,-94,787,706,-74,787,706,-74,787,707,-74,797,708,-118,794,710,-27,791,696,-89,790,697,-63,824,692,-160,809,705,31,787,668,-210,774,693,29,747,678,-200,740,688,-42,735,679,-223,730,688,-49,734,684,-215,731,690,-64,739,683,-196,735,689,-51,831,617,-65,818,625,65,778,578,-132,778,580,5,800,513,-91,797,521,85,808,503,-87,803,511,92,774,496,-104,773,503,75,
770,697,-110,771,702,-123,771,703,-123,772,703,-123,770,703,-102,770,704,-102,770,705,-102,781,704,-148,777,707,-54,774,693,-117,773,693,-89,807,689,-181,794,703,14,773,658,-226,762,692,52,729,676,-218,725,684,21,717,677,-242,714,685,21,717,681,-233,713,686,2,722,680,-214,718,685,12,816,614,-66,804,620,66,766,573,-131,765,573,8,778,513,-65,782,517,102,789,506,-65,787,509,110,753,498,-78,758,499,86,
753,693,-115,754,700,-128,755,700,-128,757,700,-128,753,700,-106,753,701,-107,753,702,-107,766,702,-152,761,704,-56,758,689,-122,756,689,-94,794,687,-188,775,696,10,759,659,-246,740,687,40,716,672,-250,705,680,-10,703,674,-277,694,682,-16,702,677,-268,693,682,-35,708,676,-247,697,681,-21,804,608,-64,789,615,64,758,562,-100,753,567,6,790,515,9,743,506,80,801,508,19,746,493,88,772,491,-1,713,496,42,
739,691,-107,739,697,-120,740,698,-120,741,698,-120,738,698,-97,739,698,-96,739,699,-96,749,700,-133,747,701,-40,744,687,-105,743,687,-87,778,685,-174,761,692,22,741,660,-239,725,684,44,701,669,-258,686,679,-7,689,671,-290,675,682,-13,688,676,-281,675,683,-32,692,675,-256,679,681,-18,791,605,-65,776,609,65,745,556,-101,744,560,66,723,497,-68,781,515,173,726,485,-66,793,504,183,695,491,-115,760,497,164,
725,688,-101,725,695,-113,726,695,-113,727,695,-113,725,695,-91,725,696,-91,725,696,-91,736,697,-140,732,698,-43,729,684,-108,728,684,-81,764,680,-181,743,687,15,724,661,-249,705,682,34,688,669,-271,667,680,-26,676,670,-303,657,682,-34,676,674,-295,657,683,-51,680,673,-270,661,682,-37,776,602,-65,762,606,65,732,552,-104,733,557,75,712,492,-67,779,518,181,718,482,-65,793,513,191,687,479,-115,763,497,173,
712,686,-107,712,692,-117,713,692,-117,714,693,-117,711,692,-97,711,693,-97,712,693,-97,723,694,-139,719,695,-48,716,682,-113,715,682,-87,753,678,-176,728,683,5,710,656,-234,689,683,17,674,665,-237,655,681,-31,662,665,-263,645,682,-41,662,669,-256,644,683,-56,665,669,-234,649,681,-39,765,600,-61,745,602,61,721,554,-108,719,551,40,768,521,-10,711,491,83,779,523,0,719,482,84,755,489,-6,686,476,47,
698,683,-92,699,689,-102,700,689,-102,701,690,-102,698,689,-83,698,689,-83,698,690,-83,709,692,-125,706,693,-37,703,679,-99,702,679,-73,740,680,-167,716,683,5,700,658,-223,678,681,25,661,667,-216,644,682,-34,649,667,-240,636,681,-42,647,672,-231,636,682,-58,652,672,-212,641,681,-43,750,599,-61,735,601,61,705,552,-107,710,551,44,736,514,-22,740,501,112,748,517,-13,750,494,117,731,486,-22,725,480,97,
684,681,-86,684,687,-95,685,687,-95,686,688,-95,683,687,-76,683,687,-76,684,687,-76,695,691,-116,692,691,-27,689,678,-92,688,678,-66,725,679,-160,704,680,17,684,657,-210,666,678,40,646,665,-205,635,680,-10,634,665,-230,623,681,-17,634,670,-222,623,682,-35,638,670,-202,627,680,-20,738,598,-61,722,601,61,691,550,-105,692,550,10,741,526,14,710,493,84,755,531,27,722,483,89,737,487,32,683,474,66,
671,683,-115,673,688,-127,673,688,-127,674,689,-127,672,689,-106,672,689,-106,673,690,-107,683,691,-155,681,693,-61,676,679,-123,676,679,-96,710,671,-193,697,684,-1,667,653,-236,661,679,26,628,662,-227,625,674,-20,614,662,-254,611,675,-26,617,665,-246,610,677,-45,619,667,-225,615,675,-30,726,598,-62,711,604,62,683,548,-85,675,554,40,724,507,1,718,499,129,737,506,10,730,496,137,716,479,1,708,482,128,
660,684,-141,661,690,-153,662,690,-153,663,690,-153,660,690,-133,660,691,-133,661,691,-133,672,692,-176,669,694,-85,665,680,-147,664,681,-121,699,672,-206,681,684,-24,656,653,-255,645,680,-3,617,662,-259,610,673,-49,602,661,-288,595,675,-58,604,664,-281,595,674,-78,608,664,-258,601,674,-61,716,599,-60,698,606,60,679,546,-86,658,556,43,709,496,-28,707,519,167,721,487,-23,721,520,180,688,475,-58,707,491,177,
647,686,-123,649,691,-135,650,691,-135,651,691,-135,648,692,-114,648,693,-114,649,693,-114,659,694,-158,656,696,-64,653,682,-129,652,682,-102,689,676,-192,664,682,-5,652,654,-246,628,678,6,612,661,-258,592,673,-30,597,661,-286,580,675,-40,599,666,-280,579,675,-60,604,665,-256,583,674,-43,705,600,-59,682,606,59,679,545,-101,645,558,35,706,493,-32,685,518,162,717,484,-26,694,515,174,684,475,-71,670,492,162,
635,688,-116,636,693,-129,637,693,-129,638,693,-129,636,693,-109,636,694,-109,637,694,-109,648,695,-158,644,696,-54,640,684,-124,639,684,-99,678,678,-188,655,684,9,640,655,-239,618,679,41,598,663,-250,583,673,-3,583,661,-279,569,676,-13,582,666,-274,568,677,-33,588,666,-250,573,675,-15,697,601,-57,673,606,57,673,545,-101,635,558,-5,706,494,-39,671,508,93,718,485,-36,681,503,100,687,474,-90,648,485,68,
625,692,-112,627,698,-124,628,698,-124,629,699,-124,625,697,-104,626,698,-104,626,698,-104,638,699,-147,633,699,-52,631,689,-120,629,688,-94,668,682,-178,641,683,9,635,656,-237,602,680,36,592,664,-251,566,675,-15,581,662,-279,556,677,-24,582,667,-275,555,678,-43,587,667,-251,559,676,-26,685,602,-56,661,606,56,663,546,-93,627,558,-9,702,496,-40,655,501,75,714,489,-38,663,493,81,685,476,-97,626,483,45,
612,695,-120,614,701,-131,615,702,-131,617,702,-131,613,701,-111,613,701,-111,613,702,-111,625,702,-148,621,702,-57,617,692,-125,615,691,-98,655,683,-181,631,684,5,618,656,-247,599,680,34,578,664,-256,565,675,-18,567,663,-282,550,679,-28,563,672,-277,550,678,-46,568,671,-254,556,677,-29,671,604,-56,647,606,56,649,547,-93,619,556,-33,690,499,-23,649,498,52,703,491,-19,657,489,57,680,475,-75,620,481,15,
600,698,-116,602,704,-127,604,704,-127,605,705,-127,601,704,-107,601,704,-107,602,704,-107,614,705,-146,610,705,-51,606,694,-121,604,694,-96,644,686,-180,618,686,15,609,658,-245,587,678,25,567,665,-249,550,677,-48,554,665,-276,535,680,-59,550,678,-271,535,681,-75,555,676,-250,545,678,-59,662,608,-59,639,607,59,630,548,-136,610,554,-24,675,501,-67,650,499,63,690,496,-62,659,488,70,670,473,-97,623,480,37,
589,698,-123,590,704,-133,592,704,-133,593,705,-133,589,704,-113,589,704,-113,590,704,-113,602,705,-149,597,705,-57,595,695,-127,593,694,-100,635,688,-182,605,686,5,604,658,-244,568,675,20,558,666,-252,535,674,-42,542,665,-279,522,676,-52,542,677,-271,522,676,-68,550,674,-250,526,675,-52,651,609,-59,626,607,59,621,549,-128,599,553,-13,660,502,-51,640,502,90,676,498,-45,649,495,100,649,475,-82,626,481,70,
579,697,-179,581,704,-191,583,704,-191,584,705,-191,580,703,-169,580,704,-169,581,704,-169,593,705,-208,587,705,-107,585,694,-182,583,694,-153,626,687,-231,593,687,-35,589,657,-296,558,674,-12,544,661,-321,520,667,-68,530,659,-354,508,665,-78,529,671,-346,507,666,-101,535,666,-319,511,667,-81,639,609,-59,614,608,59,613,549,-167,587,552,-9,646,500,-74,631,511,137,659,494,-66,641,507,150,631,476,-115,627,484,125,
564,697,-181,566,703,-193,568,704,-193,569,704,-193,565,703,-171,565,703,-171,566,704,-171,579,704,-208,574,705,-109,570,693,-183,568,693,-155,613,683,-227,580,686,-36,578,651,-279,544,665,-13,535,655,-293,510,660,-79,522,653,-323,497,657,-91,520,659,-319,496,658,-114,525,659,-292,500,659,-92,630,609,-57,604,608,57,607,545,-148,574,550,-10,631,491,-60,620,511,139,643,483,-53,633,510,153,614,466,-108,617,483,131,
553,693,-152,555,699,-164,556,699,-164,557,700,-164,553,699,-142,554,699,-142,554,700,-142,566,701,-181,562,701,-86,560,689,-156,558,689,-128,603,677,-224,568,681,-19,569,643,-256,537,657,0,524,648,-265,502,654,-62,513,647,-290,490,652,-72,513,656,-287,490,653,-92,515,652,-265,494,653,-74,619,603,-54,593,604,54,603,539,-100,562,550,15,632,486,-23,605,511,141,645,479,-18,621,508,152,613,468,-73,594,481,131,
541,690,-151,543,695,-159,544,696,-159,545,696,-160,541,695,-142,542,696,-142,542,696,-142,554,697,-174,551,698,-83,547,685,-151,546,685,-128,589,669,-212,559,678,-12,552,635,-244,530,655,18,516,640,-241,495,648,-34,503,639,-266,480,645,-43,503,645,-262,480,646,-64,507,644,-240,486,647,-46,610,598,-55,585,601,55,597,536,-101,549,551,32,633,487,-21,583,511,162,645,479,-16,592,507,173,610,468,-67,566,481,155,
530,684,-163,531,690,-176,533,690,-176,534,691,-176,530,690,-154,531,691,-154,531,691,-154,543,692,-198,539,693,-97,536,679,-168,535,679,-139,576,663,-222,549,674,-25,538,629,-262,519,650,3,501,635,-258,482,642,-51,487,633,-285,468,639,-61,486,640,-280,467,640,-83,491,638,-257,472,641,-64,600,593,-56,574,597,56,592,532,-91,534,551,72,633,486,-9,561,509,218,645,479,-3,572,500,231,610,468,-60,535,482,210,
516,680,-168,518,686,-182,519,686,-182,520,687,-182,517,686,-159,517,687,-159,518,688,-159,530,687,-206,526,689,-102,522,676,-174,521,676,-143,562,661,-228,537,672,-30,531,625,-274,508,649,-8,492,632,-269,472,639,-70,479,630,-296,457,637,-78,480,637,-290,457,638,-101,483,637,-267,462,638,-82,588,591,-58,563,595,58,585,530,-94,520,549,74,633,486,-26,533,503,215,646,480,-23,545,493,227,608,468,-86,504,482,206,
502,677,-163,504,683,-177,506,684,-177,507,684,-177,504,684,-154,504,684,-154,505,685,-154,516,685,-203,513,686,-97,509,674,-170,508,674,-139,550,659,-228,523,669,-27,517,623,-276,492,646,-3,476,630,-275,454,637,-63,464,628,-304,441,634,-72,462,634,-296,439,636,-95,467,635,-273,444,637,-76,576,588,-59,551,593,59,580,527,-99,508,550,69,632,487,-26,511,498,203,645,481,-22,519,487,214,609,468,-83,483,483,190,
487,676,-160,489,682,-173,490,682,-173,491,683,-173,489,682,-151,489,683,-151,490,684,-151,501,683,-197,498,685,-95,493,672,-167,492,673,-137,535,656,-222,510,668,-28,502,622,-273,479,645,-13,460,628,-271,443,634,-81,448,625,-299,429,631,-91,447,637,-292,427,633,-113,452,633,-269,433,633,-93,563,586,-57,536,590,56,574,527,-93,495,548,55,628,487,-20,494,492,167,641,482,-17,501,481,176,607,469,-81,465,483,142,
474,675,-170,476,680,-183,477,681,-183,479,681,-183,475,681,-160,475,681,-160,476,682,-160,487,682,-207,483,684,-101,480,671,-176,479,672,-145,520,659,-233,492,667,-32,487,624,-292,456,644,-20,442,628,-298,420,633,-94,430,624,-329,408,631,-105,428,631,-321,406,632,-127,433,631,-296,411,632,-106,547,585,-57,520,587,57,568,526,-99,482,546,37,625,488,-32,486,488,150,641,482,-29,494,478,160,610,469,-100,457,475,122,
457,673,-182,459,679,-196,460,680,-196,461,680,-196,458,679,-172,458,680,-172,459,681,-172,470,681,-220,467,683,-112,463,670,-188,462,670,-156,505,658,-245,476,666,-41,470,625,-306,442,644,-29,426,629,-312,409,635,-104,411,627,-343,396,634,-117,411,637,-337,394,636,-138,416,636,-311,399,636,-117,530,584,-59,504,586,59,555,526,-98,469,542,77,618,492,-51,485,485,214,633,490,-50,495,476,225,607,469,-125,456,473,193,
441,671,-172,443,677,-185,444,677,-185,446,678,-185,442,677,-162,442,677,-162,443,678,-162,455,680,-207,450,680,-104,447,668,-177,446,667,-147,489,659,-233,459,663,-35,453,625,-302,427,642,-28,410,630,-313,394,636,-120,398,628,-343,382,635,-133,397,639,-336,380,637,-153,402,638,-311,386,637,-132,517,583,-59,490,583,59,537,523,-107,458,540,76,603,497,-75,484,486,210,617,500,-75,494,477,221,605,471,-152,455,470,185,
423,670,-170,424,676,-182,425,677,-182,426,678,-182,423,676,-157,424,677,-157,424,677,-157,436,680,-200,433,680,-91,428,667,-174,427,667,-141,472,660,-229,443,662,-20,438,627,-302,408,643,-21,395,632,-314,377,638,-111,383,630,-346,363,638,-125,380,640,-339,363,639,-143,387,638,-312,367,638,-123,502,584,-63,476,582,63,515,520,-125,448,535,111,585,499,-92,483,487,260,598,503,-92,494,478,273,591,470,-168,454,470,240,
408,670,-161,408,676,-175,410,677,-175,411,677,-175,408,676,-149,408,676,-149,408,677,-149,422,680,-198,417,680,-83,414,667,-166,413,667,-132,457,661,-229,428,662,-8,424,627,-296,393,645,18,381,633,-302,360,639,-41,367,630,-332,347,638,-50,365,641,-325,347,640,-72,369,638,-300,352,640,-53,486,583,-67,461,580,67,491,520,-133,438,531,120,559,502,-54,480,489,286,571,509,-44,491,480,301,569,472,-96,456,470,277,
392,669,-174,393,676,-186,394,676,-186,396,677,-186,392,675,-163,392,676,-163,392,676,-163,405,680,-203,400,679,-97,399,667,-177,397,666,-146,438,662,-232,413,662,-20,400,628,-302,377,646,6,360,634,-309,339,645,-53,346,633,-340,328,647,-62,342,645,-331,328,649,-82,346,643,-307,331,648,-65,470,584,-66,446,580,66,465,518,-125,432,526,44,529,503,-3,482,489,183,547,508,7,493,481,195,536,472,-32,461,468,163,
376,669,-132,377,676,-144,378,677,-144,380,677,-144,377,676,-121,377,676,-121,378,677,-121,389,679,-169,385,679,-61,382,667,-139,381,666,-108,421,662,-215,400,663,8,387,628,-284,365,651,31,346,636,-283,327,650,-28,330,636,-316,315,652,-35,329,648,-303,316,655,-57,333,646,-280,320,653,-40,456,584,-71,436,581,71,440,520,-133,428,525,35,497,502,-23,476,490,148,517,506,-15,484,482,158,501,470,-44,456,468,131,
359,665,-121,359,671,-133,360,672,-133,361,673,-133,358,671,-111,358,672,-111,358,672,-111,371,677,-156,366,676,-54,365,664,-127,364,664,-97,404,661,-200,385,663,18,363,628,-265,353,651,52,313,638,-267,317,651,9,304,645,-299,308,656,4,303,653,-288,308,657,-13,308,650,-264,311,655,0,441,584,-71,425,582,71,417,520,-122,416,527,92,471,499,12,464,493,226,487,497,26,476,490,239,460,470,12,455,469,227,
345,667,-133,345,673,-146,347,674,-147,348,674,-147,344,673,-124,344,673,-124,345,674,-124,357,677,-173,352,677,-69,350,665,-138,348,665,-108,388,660,-223,369,663,10,344,631,-305,336,661,35,300,647,-307,297,670,0,284,650,-340,287,675,-8,284,656,-331,288,676,-25,289,656,-305,291,673,-10,427,584,-71,408,581,71,401,521,-103,401,527,85,454,496,34,446,492,245,470,493,48,460,490,260,454,470,22,438,467,238,
326,667,-134,327,674,-145,328,674,-145,329,675,-145,325,673,-124,325,674,-124,325,674,-124,339,678,-160,333,677,-62,331,665,-137,329,665,-108,370,661,-203,349,658,8,326,638,-277,312,657,24,285,655,-266,276,662,-68,272,658,-293,264,665,-86,272,662,-287,264,667,-97,277,661,-265,269,666,-78,409,582,-70,392,579,70,415,521,-47,369,528,92,473,495,35,401,482,229,488,490,40,412,478,241,450,470,-17,373,464,212,
307,667,-91,307,674,-105,308,674,-105,310,675,-105,306,673,-81,306,674,-81,307,674,-81,319,677,-132,315,677,-24,313,664,-98,311,664,-67,350,659,-183,334,660,49,304,642,-254,291,656,74,271,654,-233,256,660,0,258,656,-262,244,663,-14,259,660,-255,245,666,-31,264,660,-231,248,664,-12,388,581,-73,374,580,73,346,529,-10,406,528,105,358,479,85,436,491,177,366,471,93,422,488,181,331,464,57,407,466,149,
289,665,-44,289,672,-58,290,672,-58,291,673,-58,288,672,-33,288,672,-33,289,673,-33,300,676,-91,297,676,19,294,663,-55,293,663,-22,331,660,-149,317,661,83,281,645,-217,272,656,106,249,657,-195,232,659,38,239,660,-220,223,663,28,233,663,-214,224,666,11,246,663,-193,226,664,26,367,580,-76,356,580,76,324,529,-60,406,529,104,330,472,-26,457,498,148,339,461,-25,460,497,151,301,462,-64,414,469,123,
271,664,-140,271,670,-151,273,671,-151,274,672,-151,270,670,-130,270,671,-130,270,671,-130,283,675,-164,278,674,-65,276,661,-142,275,661,-114,315,660,-196,293,657,-5,262,647,-281,248,655,4,221,656,-268,210,661,-66,208,659,-296,199,664,-82,211,663,-287,199,666,-100,216,662,-266,203,664,-78,352,579,-65,330,576,65,383,531,-59,310,528,62,435,498,-4,314,472,158,446,498,-10,322,461,166,386,472,-66,286,460,119,
253,661,-111,253,668,-124,254,668,-124,255,669,-124,252,667,-101,252,668,-101,253,668,-101,263,673,-151,260,672,-43,258,659,-117,257,658,-86,295,659,-192,279,657,25,249,643,-265,244,654,58,211,652,-251,210,660,5,196,653,-278,201,663,-2,195,659,-269,201,665,-20,202,658,-249,203,664,-5,330,576,-66,314,574,66,364,529,-65,299,524,85,433,506,-7,306,463,161,445,510,-6,315,453,177,432,476,-69,281,451,143,
233,655,-80,233,662,-95,233,663,-95,234,664,-95,232,662,-71,232,662,-71,232,663,-71,245,668,-129,242,667,-17,239,652,-89,237,652,-57,273,652,-181,267,655,54,226,634,-250,230,647,98,188,644,-227,195,643,64,172,640,-255,184,646,57,175,648,-246,183,646,40,179,647,-225,186,644,53,313,572,-72,304,571,72,284,519,-3,330,518,97,328,473,97,384,505,163,322,454,106,394,512,170,311,443,69,391,474,141,
214,653,-106,215,660,-121,216,661,-121,217,662,-121,213,660,-98,213,660,-98,213,661,-98,228,665,-150,223,665,-45,220,649,-113,219,648,-83,260,648,-191,245,646,27,213,625,-256,206,641,84,171,634,-242,175,639,15,161,638,-270,167,643,5,161,642,-262,168,643,-12,164,641,-240,170,641,3,300,572,-72,284,567,72,295,514,-89,274,512,114,369,500,-35,306,466,214,382,508,-30,317,458,221,378,468,-70,277,444,188,
196,651,-104,196,658,-120,196,658,-120,197,659,-120,195,658,-98,196,659,-98,196,659,-98,207,661,-151,205,662,-53,201,647,-112,201,647,-84,230,635,-186,233,649,26,186,620,-195,207,639,151,169,628,-92,194,634,236,163,630,-101,191,633,254,166,633,-99,193,635,241,170,632,-89,193,634,233,275,565,-75,279,570,75,260,504,-51,273,509,125,322,498,-23,306,465,164,341,505,-8,316,456,167,328,468,18,284,443,155,
175,649,-138,176,656,-154,177,656,-154,178,656,-154,175,656,-133,176,657,-133,177,658,-133,188,657,-183,187,660,-85,181,645,-144,181,645,-116,211,627,-202,215,650,5,187,609,-210,193,634,152,171,628,-138,175,631,247,166,632,-154,173,629,262,168,636,-157,175,630,247,171,634,-138,176,629,243,257,562,-74,255,569,74,241,503,-9,243,512,126,299,475,92,295,467,230,310,473,104,310,457,240,280,451,88,289,449,226,
167,650,-35,166,655,-52,166,655,-52,166,655,-52,167,656,-37,168,657,-37,169,658,-37,170,655,-94,175,658,-25,171,645,-48,172,646,-28,188,627,-132,198,646,38,183,596,-93,202,626,159,174,615,26,182,627,265,171,621,31,178,627,285,174,624,26,179,627,277,176,622,28,180,627,264,244,562,-70,234,563,70,243,500,-47,195,514,37,293,468,41,249,478,125,310,462,56,258,476,133,279,447,45,239,452,122,
168,645,78,172,649,68,172,649,68,173,649,68,171,649,83,172,650,83,173,650,83,177,647,38,176,648,110,171,640,69,170,640,89,180,624,-21,193,626,149,199,598,-119,206,599,211,186,593,-195,195,590,248,183,594,-216,194,591,263,184,597,-199,191,590,250,185,596,-191,191,590,244,223,560,-62,227,560,62,236,494,-84,236,501,32,297,466,-90,289,470,45,309,462,-90,303,466,45,278,443,-117,273,445,19,






























































