
























1805,541,-260,1807,556,-282,1810,558,-282,1813,560,-282,1801,554,-252,1800,555,-252,1799,555,-252,1828,567,-294,1809,559,-151,1820,534,-255,1810,532,-214,1907,519,-273,1813,513,-50,1893,406,-244,1786,424,-164,1827,417,-120,1791,470,-425,1807,417,-110,1797,483,-457,1813,432,-106,1795,496,-443,1819,432,-109,1799,491,-427,1909,333,-90,1863,343,90,1835,227,-162,1838,229,151,1858,95,-60,1854,112,286,1879,83,-54,1875,101,297,1814,32,-142,1818,68,237,
1761,524,-439,1761,540,-459,1764,542,-459,1766,544,-459,1757,540,-430,1756,541,-430,1756,542,-430,1782,554,-431,1769,551,-296,1775,518,-418,1769,517,-380,1873,511,-351,1763,503,-161,1925,424,-333,1745,421,-99,1919,357,-389,1751,366,-239,1912,331,-427,1739,344,-268,1913,341,-458,1740,351,-304,1909,349,-403,1754,357,-257,1862,322,-78,1816,330,79,1810,191,-107,1819,209,146,1822,52,-18,1831,87,319,1834,40,-17,1866,77,330,1780,16,-150,1807,42,221,
1702,508,-450,1704,524,-482,1707,525,-482,1709,526,-482,1701,524,-445,1702,526,-445,1702,528,-445,1729,535,-524,1721,537,-356,1716,500,-455,1712,501,-407,1814,480,-473,1733,497,-235,1903,388,-393,1753,410,-69,1812,322,-249,1735,342,7,1793,304,-255,1724,319,5,1781,315,-259,1724,325,-24,1789,323,-244,1727,329,-4,1808,297,-79,1766,308,80,1775,160,101,1751,190,295,1816,41,314,1833,177,554,1832,33,331,1869,191,580,1788,9,231,1868,132,546,
1652,483,-375,1653,499,-402,1655,500,-402,1657,501,-402,1650,500,-367,1651,502,-367,1651,504,-367,1673,510,-448,1666,513,-278,1666,476,-382,1663,477,-334,1765,447,-435,1696,475,-167,1798,335,-401,1716,385,-9,1720,303,-267,1703,334,70,1700,290,-269,1690,321,79,1699,298,-260,1687,327,57,1705,303,-255,1690,331,61,1774,279,-93,1721,294,93,1738,139,-67,1672,165,46,1803,40,136,1785,161,423,1821,30,158,1816,172,431,1791,-4,107,1862,115,437,
1589,482,-183,1590,499,-217,1592,500,-217,1593,501,-217,1591,499,-175,1592,501,-175,1594,502,-175,1609,505,-300,1610,507,-110,1602,475,-209,1602,476,-155,1678,452,-372,1653,457,11,1719,325,-275,1674,353,88,1616,337,-33,1624,345,74,1592,330,-25,1610,344,78,1590,340,-12,1606,352,65,1602,345,-17,1613,353,65,1727,255,-103,1679,265,103,1724,120,-80,1604,155,157,1793,45,207,1699,96,427,1811,39,235,1720,89,446,1785,3,199,1652,50,437,
1523,469,-103,1523,485,-134,1525,486,-134,1528,487,-134,1521,484,-90,1522,485,-90,1522,486,-90,1548,495,-205,1542,493,-9,1537,461,-125,1535,460,-70,1640,449,-248,1579,437,99,1653,327,-205,1596,337,51,1552,356,-11,1546,369,-114,1525,373,1,1536,370,-128,1529,383,12,1529,380,-132,1542,379,4,1535,381,-121,1671,248,-101,1615,249,100,1703,107,-78,1533,140,8,1782,38,237,1601,31,229,1801,39,264,1623,27,246,1775,-22,169,1569,-27,174,
1462,455,-128,1464,473,-159,1467,474,-159,1470,476,-159,1460,473,-118,1461,474,-118,1462,475,-118,1489,483,-219,1480,483,-28,1479,447,-143,1474,447,-89,1589,437,-220,1504,424,65,1611,333,-168,1508,335,128,1527,358,22,1499,360,98,1502,373,41,1495,365,94,1505,382,47,1494,373,101,1514,378,36,1499,373,97,1613,231,-82,1549,230,82,1668,108,54,1463,115,46,1758,45,308,1491,8,232,1775,43,328,1508,8,247,1750,-14,206,1458,-53,159,
1397,446,-100,1399,463,-138,1401,464,-138,1402,465,-138,1398,464,-95,1400,466,-95,1402,468,-95,1422,473,-231,1422,476,-36,1413,437,-127,1413,438,-72,1508,407,-259,1465,422,54,1556,307,-149,1516,355,264,1509,286,191,1498,359,481,1498,278,227,1493,357,517,1493,287,230,1491,360,508,1499,290,206,1492,360,480,1541,203,-83,1489,205,83,1607,81,86,1403,83,-24,1727,62,412,1429,-45,22,1749,82,446,1447,-57,23,1734,-10,401,1415,-116,-61,
1322,422,-71,1322,439,-113,1323,440,-113,1324,440,-114,1322,440,-64,1324,442,-64,1327,443,-64,1347,446,-238,1353,453,-21,1340,412,-109,1340,413,-46,1400,377,-260,1446,407,104,1450,247,-191,1469,305,274,1386,254,66,1421,302,458,1368,256,93,1411,305,507,1368,272,108,1404,309,502,1378,271,85,1407,307,459,1442,164,-124,1465,176,124,1356,37,6,1510,30,251,1390,-69,-34,1611,-21,147,1408,-80,-35,1630,82,139,1367,-108,-19,1630,19,134,
1254,402,7,1253,417,-26,1254,418,-26,1255,418,-26,1256,420,22,1259,422,22,1261,424,22,1275,423,-131,1283,432,87,1272,393,-26,1274,395,36,1335,355,-256,1387,376,212,1369,230,-181,1442,285,201,1303,193,134,1383,237,144,1289,192,141,1371,229,157,1284,202,166,1360,235,142,1294,207,155,1363,239,135,1378,130,-159,1405,141,159,1371,-53,-146,1395,-29,254,1544,-29,-33,1529,28,268,1547,43,-21,1527,80,257,1601,8,36,1577,20,311,
1194,376,-11,1190,390,-91,1191,390,-93,1192,391,-94,1192,392,-34,1194,394,-36,1196,396,-34,1209,397,-281,1213,403,48,1213,371,-133,1214,373,14,1295,333,-384,1275,340,171,1337,188,-376,1309,214,126,1335,72,-266,1312,124,88,1342,43,-304,1317,99,96,1329,43,-300,1308,102,116,1326,55,-261,1307,111,84,1327,95,-150,1312,101,150,1315,-53,45,1294,-48,280,1330,-166,398,1305,-175,544,1339,-182,427,1314,-195,567,1310,-194,348,1277,-208,478,
1112,353,12,1112,367,-26,1114,368,-26,1116,369,-26,1113,368,16,1115,370,16,1117,371,15,1135,375,-138,1136,377,57,1136,349,-24,1136,349,34,1205,309,-221,1213,315,134,1213,170,-247,1216,199,248,1189,99,-152,1149,144,305,1187,75,-172,1127,121,329,1182,84,-174,1115,125,287,1185,95,-149,1120,132,286,1255,66,-82,1242,78,82,1249,-94,-88,1249,-78,63,1250,-216,290,1232,-226,208,1259,-233,298,1231,-247,218,1224,-250,234,1209,-269,116,
1030,334,-47,1030,348,-87,1032,348,-87,1033,349,-87,1031,350,-69,1034,351,-70,1036,353,-70,1054,353,-182,1057,357,-9,1054,326,-40,1053,328,-38,1136,285,-339,1118,293,114,1135,141,-378,1121,164,203,1084,52,-309,1023,130,167,1076,33,-342,999,120,178,1069,42,-338,992,122,208,1072,51,-305,1003,124,159,1198,58,-126,1164,69,127,1164,-65,-241,1142,-49,84,1201,-193,59,1176,-201,198,1219,-204,83,1193,-223,205,1179,-245,45,1133,-251,129,
940,318,-140,942,331,-171,943,331,-171,943,331,-172,944,334,-126,946,335,-126,948,337,-126,966,331,-258,974,340,-29,960,308,-158,961,310,-105,1042,249,-357,1039,273,87,1106,127,-373,1046,156,233,1068,60,-298,955,141,256,1065,44,-327,933,136,262,1055,53,-330,947,119,232,1056,61,-297,954,120,239,1121,32,-129,1102,48,129,1066,36,115,1054,42,467,1071,22,581,1059,34,790,1082,13,629,1067,23,824,1035,34,651,1021,45,848,
857,298,-133,857,311,-163,858,311,-164,858,311,-164,860,313,-126,864,314,-126,866,315,-127,885,312,-249,896,318,-82,875,285,-154,880,288,-105,950,222,-339,962,232,14,1019,52,-334,1007,72,37,1004,-51,-223,974,-14,-22,1003,-76,-252,965,-36,-43,993,-70,-247,959,-32,-72,994,-60,-219,962,-24,-43,1040,-28,-122,1027,-19,122,996,-89,111,967,-98,333,1005,-166,644,1034,-252,699,1015,-177,693,1051,-270,733,979,-187,673,1022,-313,678,
802,285,-22,793,298,-66,791,297,-66,789,295,-66,801,302,-49,804,303,-49,806,302,-49,800,288,-202,815,294,-109,811,270,-62,819,274,-39,832,194,-265,906,216,-104,903,49,-260,967,63,-82,932,-58,-186,963,-51,-106,942,-87,-208,963,-81,-129,941,-84,-209,960,-79,-150,939,-73,-184,957,-70,-122,934,-51,-74,951,-48,74,922,-134,322,911,-152,447,934,-248,844,920,-269,898,939,-266,893,922,-284,942,916,-273,824,913,-299,850,
711,257,271,698,269,212,695,266,212,691,264,212,709,274,227,713,275,227,715,276,226,695,254,0,727,267,63,716,239,205,726,244,225,711,134,-109,839,183,-12,785,33,-95,890,55,109,822,-14,18,857,-9,272,828,-33,-20,853,-32,266,834,-20,-19,847,-21,244,837,-11,14,840,-14,259,821,-105,-82,891,-100,81,841,-246,152,883,-268,332,898,-421,544,900,-458,651,922,-448,576,908,-493,676,859,-454,494,875,-487,563,
611,212,263,597,225,186,592,222,185,587,219,185,613,231,210,619,233,210,624,234,210,593,208,-78,639,226,29,611,192,181,630,200,212,597,77,-182,763,152,2,656,-3,-24,820,39,274,677,9,315,759,47,680,675,6,322,751,45,720,684,22,315,742,52,710,691,24,316,738,51,679,708,-157,-99,797,-136,100,736,-265,152,789,-290,360,799,-436,567,803,-484,685,829,-466,608,814,-520,713,748,-461,574,761,-508,629,
497,178,357,486,192,280,481,189,280,476,187,280,502,198,307,508,200,307,514,202,307,480,176,-5,534,196,111,497,160,267,517,165,301,471,53,-172,659,119,76,523,-84,-143,755,13,289,526,-161,77,686,-20,637,525,-186,63,680,-29,678,525,-175,73,671,-22,668,532,-163,82,665,-20,634,603,-203,-103,701,-182,104,640,-339,126,693,-364,317,715,-523,506,725,-574,613,745,-554,541,736,-611,637,671,-549,486,701,-603,540,
420,178,350,403,191,268,396,189,268,388,185,268,427,197,293,435,198,293,442,199,293,387,169,-22,452,188,86,414,157,258,440,161,289,336,45,-181,561,91,25,407,-113,-146,690,11,211,394,-188,115,688,-30,449,390,-215,112,701,-43,473,390,-202,135,696,-29,473,397,-191,127,682,-28,450,499,-236,-100,562,-219,101,564,-406,106,574,-426,313,646,-610,488,618,-641,590,667,-639,519,625,-672,613,634,-648,440,624,-682,464,
323,155,310,311,170,243,305,169,243,299,167,243,330,176,257,336,178,257,343,180,257,298,157,-6,350,170,62,321,136,231,340,140,250,296,29,-115,452,56,-36,465,-67,-152,585,-6,-56,501,-125,-97,596,-59,-77,506,-148,-132,606,-74,-101,508,-129,-117,592,-61,-120,513,-120,-98,577,-59,-93,415,-274,-94,488,-249,95,465,-358,124,462,-357,325,551,-557,542,509,-581,661,577,-582,578,522,-612,686,538,-601,471,499,-633,549,
332,69,-304,326,88,-346,326,89,-346,325,90,-346,327,86,-332,326,86,-332,326,86,-333,326,90,-414,325,83,-352,336,58,-309,335,55,-292,367,24,-371,336,26,-249,495,-62,-317,406,-32,-19,528,-92,-345,394,-18,173,535,-100,-364,399,-17,211,537,-84,-396,381,-7,188,534,-81,-360,377,-9,174,434,-259,-81,409,-252,82,425,-261,198,384,-277,353,462,-424,664,439,-491,768,475,-446,709,453,-480,807,456,-474,640,434,-591,740,


































































































































































